354926 354929
298608 42847
224879 45331
311753 107922
56253 56250
398782 395425
12996 15829
369187 11056
168668 182632
46344 27202
269722 268734
105710 105709
165610 165611
157361 157362
19200 30378
268627 164919
238082 148447
321711 5306
213137 213130
109614 78773
159553 125906
76523 76525
140157 107399
75033 146033
210408 17061
21121 46004
279224 204913
272022 41843
325758 325755
230711 269639
93783 69683
63883 71110
107591 2485
4458 7935
38041 39616
83392 83393
72167 74081
384596 384595
180830 117022
364038 364039
83271 22032
255358 169746
351626 142620
214871 214872
83468 38606
303195 203948
67658 63626
269118 155379
213302 108546
119444 266903
298696 286510
14507 15723
142136 118986
216445 241889
71552 37081
223428 48394
146183 146184
52624 25494
233078 197110
398967 398929
151149 9605
307354 330988
310873 371651
132710 100602
306809 306810
377525 377532
185043 141105
85259 162203
263112 263106
249292 160919
113392 41710
60391 54877
253579 316907
325333 325334
309120 251300
93503 63123
313090 313091
223169 144316
69801 227141
94603 22637
351034 345588
86857 176918
302235 302234
141871 27246
160263 72664
148040 161537
311517 209454
246065 246066
338567 220004
309068 52127
342123 301671
163821 210508
108411 218274
175240 163906
367738 112434
376662 113294
243177 249417
215157 17228
79078 66741
328713 22434
326148 121700
179664 118344
124402 3964
121518 148013
104207 13456
99308 99317
46097 11836
193883 72876
150506 14931
294236 321
277422 183222
151511 117766
148104 72631
396584 396585
183133 171224
42002 126113
161992 69589
290243 252770
245657 99794
230485 98951
376939 370195
229196 179976
74902 234422
212280 87190
389710 389316
67015 86016
113546 113545
398832 399573
229345 245309
296342 146076
120352 136185
76309 31886
247795 8203
278981 278982
316108 113357
125572 29220
327919 119432
108990 193665
118879 174873
215701 181769
331472 212047
152426 148292
90162 195413
253008 72009
125250 98603
220785 159435
112794 44958
92021 48937
41218 83
307370 102711
372525 388129
148453 42527
238778 99
252574 190057
300716 200445
56299 56298
344479 80267
84640 75933
48731 17031
374790 350271
168741 168740
232983 227094
269594 269590
347098 318160
1082 843
152162 130973
181292 279704
108112 227188
388115 30034
140764 140765
273455 34080
217689 191493
27826 16995
138326 214060
151676 153242
125010 120352
221273 192177
146512 102887
140911 108428
1978 667
138269 189939
347807 107106
101252 85968
28241 1737
348271 129761
263791 252859
86834 5696
211674 145946
203400 203398
242130 172936
321366 298694
186461 75991
63373 63370
58663 12674
91496 119051
29187 29188
318630 85869
266361 2579
221150 95
157678 160080
276354 245221
73140 73142
43489 28610
277710 5041
380975 79110
22629 65752
192504 275488
99910 76070
105273 55768
107481 87395
337210 337213
93359 225681
95814 81549
223887 251034
157189 183698
198227 12156
193072 29
243426 143284
346911 249827
125169 125167
361330 103257
87250 207922
262498 341116
162477 162470
57133 38687
225517 136639
390716 133559
79590 75338
367828 82786
59619 71323
307760 307759
398429 5221
388492 388495
255939 59952
225421 116848
339949 339948
259198 257792
327887 28106
396168 372696
52355 137268
189039 71959
109394 274804
296373 2217
112497 112499
174297 174293
296181 274177
308245 245999
362117 224116
275069 141808
148995 148996
130069 25494
79138 10915
234260 3337
29712 21069
16690 27810
215670 215672
204242 130865
106109 106114
56908 37656
161893 117409
229107 109643
192641 192640
371682 371688
250730 82517
304900 339492
314830 61228
38578 38582
64629 85550
163192 243784
81229 82541
298631 301749
72113 47977
49620 2001
247440 247443
256187 188135
78352 71353
191852 242566
55146 114946
106206 106201
46653 28632
301605 301606
312952 64996
198207 45990
319436 6130
16854 2860
310516 133764
66172 25229
184981 207255
64403 64406
27481 33898
34068 30903
341922 254918
69815 71352
247310 247311
100559 133650
40032 50921
308381 220115
459 483
379079 201200
192946 172273
222578 314591
186945 26234
60860 60862
32694 21586
178846 79772
237331 12863
336709 339710
193752 47351
76683 87280
235921 261137
175880 219247
103836 100029
98535 18436
165797 165781
195014 34142
288207 324776
190771 108981
255739 255737
369282 369279
356047 99659
286745 358568
195985 105356
53361 45777
126262 169959
143572 173357
101166 83725
139159 106103
21515 31994
241282 226913
368445 228409
319999 78713
267323 295153
50011 23175
40944 17680
37498 20057
71404 7667
212977 141434
305625 134208
127674 120174
242058 231154
73111 73110
249073 21
14739 13034
328066 259147
325563 326552
46347 126895
177266 173350
267690 267679
295749 372922
367531 208190
394214 398094
370639 354923
122798 120747
126541 51438
376723 376722
197642 112963
99224 42348
121635 192567
355706 179914
252919 160114
316382 286410
89214 84620
141711 141709
50565 123826
275125 252170
84714 64411
319917 247336
310342 323117
53129 53133
218780 218789
344982 349419
292807 292806
101685 238945
270333 99550
128526 2001
286500 220868
280257 322350
199285 199293
69690 69694
390584 196095
290539 245910
252291 224627
207938 109177
37492 37489
53877 65579
341393 341394
25392 265079
48180 149512
288555 355056
97993 131761
51683 51684
332281 329172
162629 95604
148348 89742
144026 241995
20525 20524
269552 177738
81869 69269
98920 98919
78308 63568
233916 219710
232865 232863
268828 266918
140311 140312
352002 95
387950 145
322901 288069
37109 59227
342654 239880
168214 8454
234866 131491
228479 123620
170946 122425
172334 172336
390978 16938
59290 59287
171047 79415
194703 194704
349913 126064
36077 18412
357002 336351
42212 55193
47826 10137
169791 227325
233811 246298
142826 105472
184205 184203
233344 233343
36577 36578
164868 260546
260777 220029
387930 388803
144460 82531
144625 227249
377907 335447
98390 356310
368976 217427
123483 123482
176307 107142
249464 249461
19551 19550
231897 84939
113244 113245
151042 151035
400345 399592
85423 85422
165100 195237
271755 126841
221414 221415
12846 20533
271265 271266
187062 187060
73593 42581
47112 79653
32875 32867
281943 179408
212011 155238
177695 338988
59415 24424
375811 375812
396592 396591
146501 60481
68718 68716
280367 339316
134479 164840
255750 18758
301391 195152
34146 34150
10667 10668
300512 190724
41882 41879
376055 126129
341076 206312
105820 105824
45933 44112
133036 140037
302323 99009
392302 89
347110 330999
375592 85047
56664 59530
72815 37338
325728 374177
342546 341655
203200 14176
32271 203440
125545 121146
227524 170818
47986 20721
231624 215941
243915 211637
379626 383534
106657 38546
360648 248235
45663 33435
139306 139301
84092 58658
383277 357638
91014 91017
304747 180682
42583 67145
27917 19223
204367 39119
150694 150696
16989 31265
293709 159028
228128 144733
174898 179837
366099 351273
51562 42054
309312 267077
101891 85137
214001 103844
110693 14848
222138 91204
247008 323709
308837 250803
15891 12556
320542 320541
141551 309099
244127 177282
207408 168968
320130 370869
244906 222353
116026 116018
354682 354680
342751 318788
229275 174505
102321 100840
184301 157909
261028 33208
255631 205517
151588 131009
333175 97545
33230 8790
38424 31144
81272 81273
176308 107145
322956 334518
127181 127187
333835 357757
122851 27116
220965 200354
24641 29174
186654 129518
175395 157015
93263 75496
148466 110731
135206 108132
146848 25066
89114 5694
358137 140662
178663 339188
67848 229064
220130 220129
145834 235174
121043 165574
225400 145289
150590 150593
399519 140131
262140 173498
116113 61473
95558 242612
376565 165
13674 11021
205651 253432
353771 4102
344356 321252
80279 70416
43418 26015
303918 33430
373933 287017
71043 222483
370346 369635
122257 108664
92756 47511
315914 343303
166035 71058
60230 47378
173026 91013
238150 196802
119508 76745
356162 89189
47447 38536
383365 382969
2953 3371
309923 180438
178125 28275
21806 21805
264589 211721
53125 66690
97662 83021
125435 146591
176024 301467
114787 32955
245659 86430
322505 342304
190184 194011
85088 85087
329418 48432
306217 267656
109490 95831
128392 128390
38628 37774
36731 51383
291045 291044
89336 89338
243646 243645
308614 350118
338886 338888
333542 293654
267787 75899
318434 169927
207445 122581
264600 264599
26655 36833
348322 134800
162754 40082
111468 1723
300262 359673
178798 152670
50081 50083
263429 53033
242273 216667
121511 121513
180623 214632
387382 67966
265707 68702
387857 387860
273324 228863
189718 217804
247360 247357
66105 66104
63921 63920
158176 74564
337557 371405
106761 232363
12796 4477
383166 8459
105245 105253
130426 68818
242920 172002
152051 107479
333770 85996
140749 244343
382371 191571
140162 24768
300513 299397
94544 20773
207558 243249
284735 133927
40994 6173
46107 14314
94848 96043
217363 153370
114227 114229
166088 297862
151112 32870
314250 314249
190684 239862
62469 33341
249905 20891
257699 62439
103975 85453
377921 393647
291433 117176
114572 65325
288102 479
260208 296018
2082 4115
295471 195322
242091 106252
327888 291484
321603 321596
174058 197776
287557 149490
378595 378590
195048 119554
277286 228734
160946 153067
322745 3844
55150 55149
352497 319920
133064 161543
149844 107389
378126 281569
383050 177273
343157 254639
324548 4612
372784 320678
262993 179362
178247 70100
216205 332128
89571 122471
159605 159604
270024 231326
180405 323396
17340 17462
209875 150834
237552 214696
114157 277349
325865 292798
237283 14955
231455 175681
161577 210139
40344 40345
271772 21181
55505 7971
3307 4791
337763 337762
61913 15539
118757 118753
152053 152055
278521 295426
250895 111645
39842 24904
242777 242780
219202 219200
274813 291417
264639 264638
114167 102425
183773 171365
115901 76337
130243 130244
239664 239662
110048 93810
195863 94431
293024 145500
373333 299876
360424 365504
27741 4352
177995 142635
319538 300389
159276 62170
15387 9981
247422 247419
177057 177051
149141 104463
353846 283296
196028 37792
191025 112739
193574 105098
219694 47103
82446 51166
134087 42758
93930 71424
272188 250905
124012 102698
209846 209393
75575 179
81024 111511
253946 21
358794 386826
167850 134664
123432 160078
195308 40186
27530 21735
297105 30913
164585 110543
207345 207346
295121 82131
268068 141982
130906 130901
64189 116828
193323 167045
222861 204483
19891 15063
242542 254933
92109 92108
204153 280964
324312 297239
76030 76033
28326 44725
173514 173513
168753 56228
238785 238781
333104 236653
128138 122042
371263 74614
198582 146965
399202 397271
285131 165606
271349 107410
220744 220739
88328 88326
112571 77245
364441 364442
211091 118170
34000 84
309716 250550
113316 18618
219971 219973
107403 220064
117956 126461
354614 136759
72471 57809
381766 50471
267067 30550
160889 160892
13621 9813
131619 5682
347983 5
352219 59736
291124 217287
284040 106209
185527 2846
155929 139930
334954 210181
237783 237782
147016 58339
166727 166731
225919 225914
340115 347057
88801 88803
206528 206526
185161 185160
38977 75384
22702 28139
7439 13466
100677 4357
234785 35709
269500 155
398988 218971
387944 5207
258685 106083
122891 30329
313820 238782
297703 301101
162229 57028
50349 50346
292337 232358
357222 33069
222765 211648
338136 308514
247431 181101
318130 243797
212942 1318
363104 7523
395020 230418
314620 377226
309857 309859
100738 71781
311598 300287
314042 262348
248496 248494
168027 22772
15738 4576
23320 66553
326719 207331
172666 126783
117295 55885
158987 81402
32086 99
256270 68995
177533 177535
215016 145747
349696 334856
286541 10899
348349 18299
77403 77232
362805 1505
177883 91585
306258 306264
387065 392686
261700 219979
27343 12932
66718 178688
365906 347335
54832 70826
101666 101663
27213 27206
59013 70919
399521 72874
180713 180716
43747 45968
397021 281080
45328 6737
240374 209102
288259 52042
121582 22013
386184 386183
326800 61140
228348 18767
85029 60758
242738 12419
316113 294072
227303 181297
188937 141506
292154 310405
161705 190791
96824 119748
392518 69633
160162 160165
107476 82485
263716 230737
397778 397770
320421 118116
100503 100496
186471 186464
164151 91249
20349 313
24618 116353
220805 49631
247092 241611
323119 303009
330113 330112
320326 151804
298020 227972
66835 66834
280591 199160
131663 131668
232274 226363
362808 235886
156845 115622
136184 120352
71603 114113
82431 26958
181988 181450
104740 104805
390907 339075
15992 26680
216828 216832
99973 11855
218508 163211
63443 26188
103535 46799
300485 113442
372449 384050
243246 234874
165798 148471
311811 313467
325957 325958
391627 397197
116865 116863
341389 330319
341273 341272
147813 136788
5381 6694
14919 18440
338123 161656
385846 827
127953 178667
25564 407
250417 136573
30675 30673
218836 203649
234323 331733
72000 137560
141876 40447
147883 72131
164083 164082
210152 346600
374222 133268
358874 378798
56212 56211
166444 138636
260255 260256
251961 220145
79973 60521
38902 215064
74392 35807
309587 15115
118774 129293
163117 75543
371891 44737
351727 385050
124170 17621
206494 113440
225958 231063
129018 245440
130919 135447
52337 51767
200479 86589
330386 295555
258590 258592
364398 365160
385182 391572
111093 135774
97602 97604
274701 331557
239639 239637
72812 72811
247518 243754
80580 36341
220575 220573
69788 69789
351672 7384
224492 118864
125240 121871
170915 10757
372784 377533
149064 11833
22663 22664
38322 38321
93799 93794
29885 51551
221847 175360
382231 382230
186219 179259
359631 359635
