169273 71815
275833 334222
304908 304914
335635 61725
167111 26602
398576 36694
5248 3569
370505 311311
97966 184018
43241 18350
166925 166926
83839 83836
111760 181654
208074 107024
22462 22467
294087 277130
276083 260649
330178 236361
259949 73028
47457 33709
126486 84894
37507 36297
110588 99195
111497 35122
148869 65211
40791 44129
278693 269721
198847 22748
357615 333004
191676 164779
152540 201669
35885 35883
205808 15615
4446 4141
32683 32687
165706 208737
130469 146442
390587 348587
77243 118074
350664 120214
55023 155921
305178 89802
348414 229520
223419 131487
53083 53084
239146 95
71458 78241
263154 165177
230301 159750
198153 263989
295232 230806
5474 5242
124105 124777
137182 137176
54092 83801
181406 36733
152307 242075
34984 34986
159242 159243
395016 387056
180986 145077
299398 299399
322834 168314
109446 109445
267551 147723
377979 345026
218059 66093
146768 170154
76179 53755
190947 110914
63729 63733
102202 102204
208397 27551
306635 306636
41258 349058
126453 96267
279437 273040
167389 149201
56054 51285
125402 55282
281195 26182
91762 91765
274749 269618
103722 109626
205194 205613
134746 156348
238564 210317
189655 96933
343843 159347
329992 335807
215080 957
52548 39142
140459 140464
257346 246597
346710 335218
365673 365680
209641 142374
278474 198970
55747 229
367472 39958
313287 163422
205394 29863
71826 159785
116903 116901
66179 74214
61463 61465
30665 45557
223700 102184
223741 223742
332211 310319
170522 115626
171103 64306
125518 98749
394691 106754
25308 14254
205882 54887
155924 55027
198586 146965
208802 63394
257482 186195
346789 208974
218154 89239
126595 149546
217024 140119
375295 115721
60839 46699
154679 58812
395954 395953
134463 18476
299522 4327
116679 130804
56611 11060
284508 245319
262410 163
343312 331676
61857 163798
371993 371994
160017 60132
163824 166727
160111 146
319802 286014
81729 56457
106421 180536
263632 263633
213884 242608
220926 298886
170415 213308
72265 72273
104953 91138
156208 313019
372463 386632
130521 126825
320202 265645
292022 235610
217837 2872
47773 47774
283282 212787
131565 99598
28961 14434
345867 345861
150171 150180
330918 332712
152082 135352
278404 363113
1133 1191
101283 31407
263271 169747
179381 130405
380887 346413
242452 247386
323816 283879
220018 199191
86002 29029
209071 209070
93739 93737
82010 16477
134489 272157
160593 169029
137585 148095
5166 5000
172095 178318
205812 67224
73016 41710
17453 25495
350967 304745
297690 127751
134133 116
227312 78183
144713 135772
230379 262608
240182 71168
325921 315614
75011 63828
52426 15162
113509 113788
20726 34780
347728 292925
187181 303448
324360 256544
216094 216091
182709 182701
101654 52713
91492 39109
300898 300900
385344 379033
52878 27269
230784 48909
72514 168977
113575 91423
27549 22112
282857 16746
192875 161313
35967 2789
164202 139268
144096 178009
217191 76058
132981 132980
168149 189116
375034 375032
202490 174966
319498 333998
131544 31677
310971 310970
263461 45662
67455 39817
213164 28076
393073 393068
29799 29802
377742 377578
29503 11569
288135 161698
397799 64508
379144 369081
282927 135427
105714 19462
341398 341395
214454 3215
324756 189697
396096 397262
118434 131603
118579 36927
249313 185940
330154 327954
105852 151642
147428 63939
337768 337761
255301 45220
312901 153713
192544 276146
201089 110795
128107 128103
201543 14103
144053 144055
32170 14512
19361 733
202518 187509
137033 104299
125429 108963
68048 94538
216680 50125
175155 157491
247284 247282
387676 388369
196465 167976
315208 239957
323538 323350
41900 174
93187 177
134476 870
72051 37287
256707 40827
67009 86011
39944 64840
273629 292100
254573 315391
65154 68544
151149 1922
23454 109731
100069 100068
34014 30190
241580 220085
340777 16710
191577 191576
286369 7473
16471 10085
293529 330547
69779 42781
171507 171509
76337 81303
30730 57720
30797 116364
294474 286364
55222 55743
301672 195975
62454 62451
59233 39234
224893 157330
26 36
371305 376240
158196 158193
303043 17061
159766 122198
82396 88191
24922 9813
220802 37405
291021 291022
321149 321147
297458 327011
25037 102944
268962 245805
200698 46798
142828 55570
90191 90192
105113 29379
133707 202024
263548 263554
291096 291093
154486 142526
362547 343392
285724 109822
164412 5338
256172 134605
50745 30252
155503 102036
154821 46452
125432 62101
70381 138941
26740 40521
137236 137235
362474 362478
292589 292588
237834 229943
45716 47379
58092 38985
32705 20173
108414 17237
319675 286322
270283 20194
267106 175022
196628 197853
54643 48031
323045 129364
12978 12976
211822 238620
241146 241140
102292 102294
152560 260683
243811 212066
316963 28823
345643 314139
395781 130130
348592 359043
86424 620
114502 119127
304811 304809
202568 202571
114517 184138
167123 167120
290068 234985
226012 56381
262676 246241
82093 39949
33616 21733
83162 104795
258838 258841
75901 75896
275917 191766
307307 307306
47252 25143
226802 20863
305880 268213
275270 209775
173776 133608
252963 284795
111995 97654
306380 103211
266045 266040
136651 239379
46348 126896
393210 388687
266139 33526
138290 138288
165147 140245
76095 223465
64129 64132
300701 151439
199056 199055
58833 190637
196083 103630
42615 42612
32827 156
191726 159690
159068 159073
235725 235724
207800 165503
40119 40120
191214 77079
79617 95786
41956 45474
150893 132591
236777 44781
279160 279164
83098 79992
184222 119081
339530 339532
390063 390061
257153 128718
45267 39081
310301 310303
134371 97117
225243 201890
288592 274470
133205 133206
182827 160078
380925 394842
73132 101351
118417 84376
135169 85505
286054 72405
75837 75838
349683 1406
44072 53886
30332 62038
179088 59318
199314 199322
201648 183943
105292 105293
237737 180103
29352 29349
48665 249651
266186 36137
385434 355376
107995 73669
201894 201893
380698 388397
291928 346941
336416 214431
124917 124916
127358 76120
285581 233811
19468 13202
214089 277860
103679 103676
104736 72342
399670 383782
70112 33612
310424 310425
240354 227058
191533 210361
9020 12476
266963 11324
272807 55806
126187 94089
84262 359
64919 85900
170796 10095
151951 134649
299379 169995
66554 5522
366201 96982
394630 395283
163618 266062
29308 29304
291855 291857
113092 113089
315470 265076
227519 181371
25442 14197
9065 2373
282855 309347
155870 36509
360264 194853
350688 350687
292773 323078
65482 94507
95489 74967
361401 460
392204 391100
280368 59148
375440 359610
18401 18400
49067 49069
365516 365513
292974 37741
279500 290808
88747 186898
179251 190617
175125 175129
83565 35575
260608 144238
293272 328576
369139 144225
165973 168331
296916 190346
77336 113364
107245 107241
152346 94923
358606 49841
131257 81259
351159 189175
73618 73617
52730 54152
256449 53556
124019 124020
33733 24144
288021 84638
96178 96170
116008 116001
349520 142120
39172 29587
268834 104367
73468 73465
34657 26369
179108 178029
219966 219960
279296 279295
247588 235420
28616 30939
162552 38073
273362 35380
260883 249594
157724 27401
344161 6104
220587 250287
118024 73494
375394 29871
334739 177379
177956 10009
166508 178233
121598 215164
287641 121484
295675 286039
175930 178396
335019 280521
52862 22573
94800 65906
42671 55843
124781 208430
106570 167848
62616 234628
301230 352987
77934 170035
179106 179103
33893 27815
175223 160976
164794 50715
158409 175207
93414 153199
101006 139457
140457 140459
106489 13624
346097 75539
276281 152099
210804 206643
220920 177522
203457 220901
125055 72955
287964 184488
161761 179930
398983 398152
231376 240597
104312 104319
169292 125059
386703 9877
9511 9128
211313 192878
273916 266831
355467 71188
72305 115711
37250 22212
346442 339940
354015 113268
172332 207718
343137 280296
192470 145039
106190 19523
302581 273960
300197 274740
105671 60898
208478 245810
178370 228091
161615 161612
316914 30274
128035 159992
358567 41161
1608 1752
323037 66126
134685 134684
24438 24439
200968 346300
64802 64803
123735 80513
124729 124732
287943 293093
231859 98615
145624 149672
277649 80402
198048 77474
52629 53914
316304 303196
340619 257676
143672 143674
72421 72423
55997 32715
45703 9566
290329 197194
70450 103587
336709 294286
210988 210986
346486 134251
313593 268183
84465 113387
343824 92635
36854 36857
252668 155630
23555 13592
370860 120260
149031 65429
256696 32871
51492 137011
116195 132467
69344 56719
305193 344227
214849 217087
125922 18228
164182 8832
371454 47116
268185 248414
385222 378847
192201 120982
177437 40056
270607 183646
65244 11106
211499 48583
204296 129022
349160 154280
176262 182006
2918 8389
365300 13456
136699 95230
57354 13369
307230 35152
204166 204169
230273 33576
82476 9226
350545 350547
118199 8616
285186 285190
65806 95708
99647 164071
223684 289229
70966 70964
50846 34507
39651 109556
153368 305897
140206 126887
245072 90398
126331 126326
317616 317619
127580 36010
51148 51151
268338 119081
218405 225796
30634 6690
367579 321693
242553 191976
59757 18815
278972 148727
259472 5849
574 61
302689 304081
322435 322437
303633 329971
291210 257091
92400 43031
307038 249687
309184 283942
188551 156686
298516 277747
98528 221143
211598 64990
39464 17111
366822 366825
124758 114809
222614 205289
372421 362090
384299 341136
343539 15893
302150 302152
366416 102424
281590 250762
244177 244178
300136 278691
126385 154361
214198 269455
307376 307375
305295 300871
11817 11583
324876 171147
206206 94795
204983 183126
313232 82035
226526 114629
201424 66646
173652 189009
24812 20787
288387 168206
66416 66424
1828 10
231794 44740
67321 46018
109843 40748
164411 12498
213904 31800
116913 116926
51460 51827
192798 244146
114579 208659
121078 15495
206673 206676
91442 91441
209050 127518
66140 23799
229578 152024
230181 308535
163596 174448
284677 182021
268013 312216
386767 386766
198843 134357
24772 18921
217318 162209
302799 313440
147172 115260
3536 3535
328662 294055
140504 69979
94785 142246
357506 3109
161322 97111
292321 150156
175266 207214
119282 137219
172727 183800
155127 121711
192653 192656
142784 59706
95289 183703
100283 74116
141765 81665
146769 146778
270521 263395
346511 108105
126496 52542
141334 55558
184889 15277
32538 32537
337919 347718
234417 39223
275866 213215
314136 202009
253465 237995
101283 101280
24257 48565
96475 217182
280700 70725
19551 36188
182933 160932
75199 89988
256486 33027
323446 323443
122494 124382
29557 16678
161721 152325
154521 463
163567 231146
276279 355914
182854 76430
372663 28163
123749 265
398328 240895
156197 156196
291278 254114
146722 146720
59833 59832
161090 9788
322488 322484
304576 304573
31065 1812
289993 276469
108247 18904
224351 84389
145668 44958
147117 147113
353592 340100
115889 156847
389622 46562
239272 239271
58436 29372
19143 20271
81690 55126
335380 320559
356170 142261
230835 285557
297282 189562
227607 124793
194847 195977
274555 79961
189877 188067
92724 92721
230298 61222
269355 4
352318 270416
79038 64980
276280 158852
177030 205935
52902 82475
19812 33496
5690 1128
104730 60767
195726 195724
267463 267462
396009 393267
383056 34062
245521 194852
251980 187477
261015 95543
303464 194476
190571 123731
32006 51338
228445 232334
312845 332012
186187 101591
307902 373672
164102 240009
293611 304994
189121 243198
363066 204040
393699 378298
366577 349831
223079 70506
42130 37070
310884 248072
220895 82055
249852 249855
138944 43818
10126 3494
60036 108423
324330 248581
269670 269669
197821 40532
144225 144227
21813 21819
250775 244338
172653 58940
166337 56225
323255 327119
270654 270653
359857 359858
92712 62638
357113 9464
78800 266142
235493 298474
363244 363246
90473 281974
19386 19384
233509 96896
351853 351857
87457 87458
68531 72078
108186 34394
35842 75315
399540 398037
194230 143586
29979 25970
393670 256800
52488 52490
72493 36024
284363 153332
100198 78929
338586 384530
315980 313122
263085 263083
227000 196168
292861 344509
227421 6049
257104 257102
179982 242515
241044 109924
114366 178567
108402 108403
396030 396027
100376 33497
107963 107968
292494 325122
391507 359232
291180 281750
172893 152380
183369 105774
115123 115118
12586 12703
21639 112899
228555 228556
202003 162279
273523 189061
371362 358419
279262 60130
312199 260391
73725 86679
84392 44850
82068 76554
128339 114769
324106 326847
219448 181773
78699 71293
91781 91785
126060 47688
156242 113755
146354 83781
393005 389208
20761 21953
29227 206945
159750 88105
279988 28698
46953 14944
90477 90480
252831 100935
351194 116245
192593 123143
71307 182020
268061 992
363707 328589
390937 376629
169357 89708
377501 375991
301090 113604
145780 76115
1227 3914
4188 12273
329095 260515
376701 61149
81267 81263
17405 309
256166 175526
33526 36159
162205 125031
287717 24613
39168 38373
202226 202222
208215 14369
196815 106919
160227 195029
380711 73669
334492 311701
53112 85984
249933 120073
307795 307796
149181 135654
74005 60292
19015 23765
67552 23355
314237 372688
102543 71038
96433 96432
364026 225295
353659 126366
123432 182826
234057 84381
234017 296269
324730 324732
53384 82896
87326 84734
245232 108571
337973 55525
284523 204966
176864 74114
385791 388182
57289 29016
143634 88340
276939 35561
273715 455
39297 14496
212541 237586
81349 48435
169223 169222
52659 81671
297523 30449
207696 161109
190834 85037
88362 85403
351696 351697
303276 130560
46388 46389
83213 117389
97361 115109
105391 105402
232276 232279
380007 51901
180180 98121
383369 383370
