561968 51565
520467 520284
520512 520492
583377 583325
200730 362
677171 501510
6830 604
642078 377742
202633 169675
44284 44275
391286 54272
102681 467
193680 194857
246868 246560
11850 112
520471 521921
520535 520536
559949 572200
522538 520284
105187 498
193542 192038
90876 501
238824 238310
82058 82022
169372 53637
20558 112
441123 117068
443039 442137
559370 558845
348736 9
268041 267604
32658 593
254247 226960
4032 4540
18218 18290
254620 224265
87570 493
661218 488708
270639 100
575444 575495
81447 493
462896 490753
627245 186942
329900 286607
57785 57395
469532 469544
33749 111
450756 848
442432 442369
332463 332459
521965 295669
5656 5649
189502 2809
264462 224168
41683 41692
438190 438159
286083 286001
31328 605
335528 341238
671921 671904
255768 255409
497264 497251
573227 558845
102977 102972
522166 522158
626178 475518
266256 264685
155598 155272
370830 373879
348857 349008
82062 498
387696 70116
444254 51497
495580 115687
525454 519844
99013 473
460263 51491
227685 227697
249901 249668
202993 169689
554440 554620
123371 123370
562127 51563
76155 470
243557 243333
80027 492
523536 523516
69718 69723
552413 551729
567089 567091
558952 558977
254676 253570
242869 241432
333726 333718
528415 528412
626251 475519
294532 294541
511594 504159
83330 494
575748 575768
522808 522761
304471 287336
181376 181297
93675 470
83612 83617
58422 57393
20954 111
259199 224168
276097 276079
533510 533530
433366 433354
223405 219572
113201 221
667612 488501
525388 525426
286998 290880
97460 501
392173 392166
305081 305071
401974 400219
619470 617608
524354 519844
252609 252382
264004 264093
639331 519916
41146 41602
155828 155279
670591 472646
272280 225
495583 495417
80704 80688
44273 594
405688 400217
459 236
572897 565425
103549 82909
612881 612703
201216 285
112709 51111
302396 302401
475623 475634
244344 244347
189770 2830
488755 478809
294716 294702
440134 440133
248918 224291
94436 473
80216 474
524269 524412
617257 617259
274192 280256
521653 521611
475359 475050
490119 478808
45792 594
524358 524488
87795 501
28191 594
605856 53807
311988 311981
523598 525282
501745 498832
563275 563285
3136 586
252769 252371
403210 400230
249936 249689
647653 497292
311654 287336
520632 520553
256866 256833
74409 497
326708 286607
206907 206906
97935 97936
365351 116755
152476 152477
104096 473
4007 4636
178474 9
546172 546179
92218 474
20709 20704
548242 547862
478871 478830
242435 54091
257644 257621
287414 287756
329646 288592
497552 497342
522244 522234
57306 56892
46395 604
85473 85472
13029 13583
568497 51563
447744 1737
525288 525291
383480 383478
444108 163
77137 474
46243 46211
521704 520284
628101 605081
29476 586
442358 410681
127650 127663
255687 255420
83710 83691
520564 520559
247333 246539
86892 472
297232 297224
174319 1797
522210 295661
254979 253581
1034 452176
186932 616750
252957 252376
560589 51568
237837 224168
520690 520267
511355 504174
32051 112
443969 51490
661761 488664
83715 95261
627887 609758
72042 71656
530375 529959
674592 472064
644252 644120
404346 400225
353793 65105
580439 580450
400192 400177
519877 519874
670358 472647
84173 473
188168 188022
510977 504141
569048 51565
77664 501
197964 110014
525512 525531
117301 47948
601693 602061
377720 69257
254671 253543
243634 243276
358613 9
272781 269735
13663 14273
10314 9
300262 300093
421253 421254
98720 471
48788 48785
334880 65066
289407 289410
395771 395726
641591 642290
370235 186588
514422 514425
525048 519826
28284 28743
105538 94306
268254 224168
57136 55962
440617 440624
35063 37145
28482 594
407065 47119
489238 478841
73187 473
271866 2254
78836 78424
151997 116700
29775 606
525491 519840
572926 562733
420655 420607
512283 504189
10707 605
521689 521652
93380 473
230687 224168
34534 34514
26416 26411
86377 473
525274 525299
32680 9
522843 520284
99976 99978
39654 9
490237 478864
1131 2224
604741 503542
206011 206005
448064 47937
169269 69693
40487 9
15612 112
326304 326305
512370 510675
514831 514811
521975 522024
60107 55270
445179 47943
271394 53732
92585 471
75818 497
109967 110396
252939 252450
489399 478814
514752 514664
388524 137336
613557 613549
559718 51563
525469 519820
356722 356716
25355 593
85509 497
112831 112631
105494 81984
82519 494
18538 9
358538 338338
617835 186939
534782 534856
440607 440574
21835 21922
97333 492
20266 20269
103646 71482
523520 523547
493123 493071
343326 65066
402484 400231
94399 103614
523646 525247
6485 8950
524589 524550
490474 489156
97662 492
320820 286615
436121 436688
570334 51563
627590 475523
669251 669252
625883 70552
112743 112859
104355 493
610755 610742
330867 286734
272901 271046
183356 183339
566345 566360
348368 9
460160 460161
261474 261453
360192 54099
92653 92658
388346 52189
44084 44075
523023 519833
505422 507148
83880 83930
299122 299121
522294 1280
493569 493580
255913 255387
413629 117612
242283 241406
457322 51496
479235 478681
274659 275095
73515 99904
661770 488695
526105 525655
405308 400214
243357 243300
341155 341153
36370 586
524874 524872
327500 286615
221734 221899
523322 523194
75463 493
25197 25321
522826 520268
163818 163817
280648 280649
265971 264720
19417 594
469662 469624
60500 55312
67325 47929
237851 237103
421535 422380
506323 504497
394963 52957
523027 295664
585076 584927
660676 488703
492747 492742
26803 26816
524447 519844
218411 170675
267943 267605
405533 400219
126252 125705
237613 237156
661966 488663
132 163
200900 369
245934 245454
539155 539158
40970 40993
625274 475520
15691 25351
28394 605
248270 224168
428768 428670
246808 246546
211189 211188
364212 355540
63785 61854
318736 318733
367803 367801
630521 631162
151920 151919
250124 249691
645904 472497
524691 524695
620925 488440
80980 470
246338 243906
458197 457727
16031 16666
387448 387447
202710 169705
272745 268962
677699 677697
252888 252410
524583 524547
440918 440587
247251 246544
8894 8901
419234 419233
519741 295670
88721 493
38656 38627
36949 597
369811 369310
295086 286611
510738 504171
33265 33890
597096 597086
662593 662590
352525 54099
80827 474
513652 492074
74863 467
511028 504191
520492 520557
17763 604
8199 112
460409 460410
241733 54091
626592 475466
604819 503523
510950 504166
46300 605
348888 349481
566138 566141
667605 488551
564506 51563
526512 526515
27078 9
49269 47820
573610 573613
523602 519818
440165 440282
215041 215056
245558 245427
367834 132013
204154 66716
388193 52178
516455 446371
625192 475521
239187 224168
578443 578415
84328 492
104994 94319
76214 493
618549 475519
112736 70112
546488 546487
33798 33796
26070 26087
523636 525214
196044 195226
13538 604
415587 415615
255685 255386
141147 141167
636685 632854
33011 33018
473212 473147
79766 79741
247219 246532
324403 324416
272548 268778
489089 478833
523913 523785
10733 10732
515238 494240
440639 441046
448291 47948
363897 354927
562316 558845
302722 302726
181473 181293
619836 616679
619322 617610
363370 65066
174765 1796
251350 250675
526629 526631
520657 520676
178856 1797
525506 525497
71786 98821
59399 54646
99903 473
246480 224168
510772 504163
272608 271046
529759 503782
136932 52181
322458 322462
11895 112
231766 231774
298426 286613
168016 9
73000 472
91270 470
242641 241599
90000 473
595427 597596
512660 512661
252053 250684
255549 255409
253988 253527
214622 214512
408361 407053
240686 237940
678394 678474
342268 335988
224487 54153
267902 267640
653308 653318
7518 593
302249 286614
524684 524689
586798 586796
102652 498
40635 586
550501 550497
619864 619861
245877 245425
580755 580759
252513 252380
87070 498
520609 520541
490226 478856
85085 85023
299684 299689
255976 255406
218372 170676
475521 70549
91812 91777
629562 1280
3686 597
559173 559126
180882 180865
9513 10983
524566 519840
29774 605
216389 216380
104045 81383
409895 409903
374196 369954
318508 286615
520415 520358
309730 287336
105301 71493
582587 582588
524942 519831
255910 255409
247637 247523
26719 112
22899 605
498523 498522
60821 55312
522419 520289
542518 541840
603290 603303
521175 520281
371116 371096
597971 595660
249345 248129
428257 135342
16914 606
613168 612948
371760 371759
372741 372709
525566 519824
254940 253549
33816 111
524344 524482
269311 269094
83714 474
240535 240396
660753 488710
410619 410636
624723 616548
522589 520267
392398 392396
383625 383570
39610 39636
290814 290802
255884 255386
572775 51568
252553 252435
4939 5204
629375 70549
82845 494
241984 241594
521147 522639
274261 279863
520189 295666
269394 69661
618694 618939
183151 182778
465885 465899
50368 50369
267983 267606
450595 927
62152 62429
36158 111
80520 493
444562 450264
182947 182846
404119 403920
89618 469
446416 446408
257754 225261
28989 29057
469696 469727
445045 47925
71984 71538
478920 468737
425417 420167
97800 97801
214109 214087
402891 400213
4135 604
448026 47948
520559 295662
521577 520290
490463 478831
197816 197817
512084 504178
70567 594208
238710 237169
444098 112
254128 253534
472620 549328
97065 97055
576172 575923
86882 86878
316760 287429
603002 520005
660544 488703
626894 475466
524047 519832
595443 595957
527228 526828
403067 400214
505430 504506
83645 83636
354430 354427
458151 51492
488941 478855
8657 604
523571 519842
488729 478859
338773 334294
571702 563135
460269 449475
404249 400192
402025 402070
35705 593
481215 479359
32106 604
4098 605
522310 522327
33173 33158
192020 192315
196330 196331
402017 400208
138666 66719
23857 593
295459 295465
246851 246548
392018 54265
524845 524876
201206 370
358966 190312
87349 471
478829 478827
459057 118747
164474 164281
512420 504188
471846 472120
632244 134318
545717 545532
15250 15846
300618 287336
481919 485243
121493 121423
9131 9152
521407 521473
244300 243907
92197 92158
566562 51568
280512 277093
407235 47119
244404 243893
248751 248158
169688 169701
119270 172432
266431 264930
395958 395667
384512 68539
247017 54091
236359 225087
109222 109221
489078 478871
621163 186939
83925 492
155796 155279
445816 439134
11261 604
524848 295661
314612 314579
487599 479346
520614 520518
433972 433971
252817 252395
80503 80508
252512 252376
490405 478813
14647 14665
402980 400223
106305 501
509560 504506
521303 295666
98433 98445
20640 606
387817 70134
403475 400219
512520 504143
533510 533547
313475 313487
640069 640068
299788 286715
670388 472646
383523 383522
497228 497195
441324 440606
239088 238292
188434 70214
578491 578489
53797 461169
21257 21287
451918 185585
88533 467
355768 65066
243687 243311
199223 199222
587113 586132
78307 473
488673 488655
136443 136204
106161 494
10537 606
118764 113814
573805 51568
618476 475523
402057 400171
522522 522527
353422 335668
238925 238219
523313 519825
381642 381647
221032 221031
285470 285850
400264 198804
573667 573727
101577 469
406660 405198
243681 243276
35523 593
10980 11081
4976 593
249513 248189
314545 286607
405675 405711
670517 472652
173020 651922
366884 366880
522332 522329
469665 469630
524554 295665
238946 237343
23432 597
395913 395687
497145 497135
392027 390046
118498 594851
273991 275353
511617 504189
354342 332946
617558 475523
664990 664869
588130 588222
445029 445137
56248 56247
504188 504170
481935 484043
375945 375944
214816 214515
9129 586
68583 68584
522310 522338
447385 140909
344438 344439
251375 250677
28185 594
473794 473757
512460 504166
432273 432246
522350 522365
512084 504179
627896 186939
77866 497
550353 550350
352636 354712
184356 47155
648137 648138
395742 395946
20202 605
315385 315386
574771 51568
99063 99061
87417 87430
72663 80521
32442 606
677692 677693
272233 272418
20543 593
662178 488666
32103 32111
364439 54099
431261 431263
100778 100746
625371 70545
523833 523871
522313 520271
340207 65105
523612 295667
469709 469702
469496 469455
290439 290438
443165 443187
172036 172037
103426 103429
558597 558600
131725 131703
75002 470
520603 520286
668830 471263
557398 152246
255377 224168
240549 240409
237961 237118
8826 586
72676 84348
429322 429487
290859 287002
520809 520270
605649 605659
520410 520288
511178 504171
44082 586
387683 387688
99529 99528
373408 373300
530687 530044
301714 286614
137837 52204
75349 75345
135860 136292
285952 285478
135477 52259
661345 488680
10491 605
244245 243912
262201 262151
406435 400185
37082 593
58441 57397
469820 469940
625291 475463
403588 400225
196853 196878
189488 51490
570261 51563
491248 491256
107789 171099
613713 613711
533794 375511
349817 9
4219 4199
8599 597
520546 520267
533172 114571
137692 137701
19801 19807
168815 168640
14441 14452
254139 253547
499804 501177
89542 472
265769 264692
251758 250695
273025 268621
521859 520276
627602 475520
595816 595821
101109 501
469378 469382
521139 522691
312261 312262
59141 59157
240599 240110
93533 93548
583112 583693
125369 125528
95900 492
585713 585592
620833 475522
201276 360
404504 400165
432173 431722
523232 519837
103401 501
61781 55881
301649 301659
524590 519824
415760 415450
559174 51563
640818 547949
106208 95367
169937 169927
498735 498262
411779 411769
205894 206246
303901 303896
53697 53656
294892 287002
34165 594
594502 594269
252531 252387
341365 335549
251584 224179
598963 598964
523781 523895
26253 586
92295 471
85752 85266
149602 149600
312387 286614
660876 488657
334453 9
628005 617417
