269385 228448
232455 1407
75277 499206
348497 8048
356684 255109
486023 469605
256033 142693
459264 259033
371621 255109
214306 197000
148026 334285
59000 48682
118581 75034
408590 235927
288808 423583
419416 256138
363543 334576
408722 490100
488641 269357
225889 357743
218731 302923
31875 116287
427253 144208
332995 186300
117356 372275
333032 391229
68636 209344
482239 427970
148667 152163
464163 379386
459760 546554
444330 417766
395268 295759
175222 142693
206063 423583
301370 166478
14871 90818
375669 522113
399466 208103
227023 277452
520123 330052
220230 290165
227932 157781
103607 477281
226008 175491
121151 201774
20660 327045
151871 191477
91664 36518
266353 460118
195288 181533
22395 252173
284984 141435
116981 469836
181718 415332
90689 176118
244691 466201
480676 142693
265590 460118
215753 59917
507857 531139
100065 489202
483385 429420
89034 274490
124077 31030
511269 192882
545277 469836
172070 476213
227249 354009
254542 108006
28328 139624
22062 190738
223449 547701
432153 177917
62037 259691
155221 477315
67069 490859
503044 286511
8837 24751
274436 326064
243119 273101
332894 228020
471270 116376
240644 477315
139041 203385
99022 90818
482495 267490
187147 99103
407412 448287
110623 461376
225715 291024
542304 73137
350645 223376
529530 460118
217487 241790
1810 32169
69831 252293
210420 221640
487051 477315
203635 240381
294547 415865
168864 527895
238161 115360
27945 451710
539784 395865
368396 451971
426564 417766
190666 94768
198441 469836
103630 448329
301998 349737
122776 493665
515767 520783
379861 522686
470619 517165
177292 353860
385384 139624
116436 28103
277061 326197
384016 1439
49201 279959
199240 352397
70180 115240
14218 163079
343461 38316
255456 142693
425224 172070
517264 479572
289761 414626
183203 389455
370913 85419
94295 183813
204185 37027
180861 481532
391243 260635
82546 411224
514107 108425
490615 255109
98585 305352
482762 494563
260456 324928
265225 188711
534660 367554
377111 400136
376427 515777
106728 528717
336763 469836
518710 90818
141446 442980
141759 238405
410047 74372
408074 156719
419275 159896
552 320936
48455 433276
221502 374161
415537 419859
80884 44297
314772 142693
405465 237685
298846 131273
249935 108245
73541 476248
503364 262732
170953 374693
341354 546554
370176 115489
277441 320514
519680 236494
407154 11684
353332 434087
261355 42992
227251 108852
452390 460118
258327 427183
375845 436623
533481 399829
262711 54715
135181 186300
210745 327045
144397 313431
184798 367692
142242 311176
491724 108006
159509 47202
18474 532534
142574 303646
135289 169980
424245 154678
166037 477281
362324 161231
397994 395195
535728 97673
42541 7954
473862 139624
47747 172670
473053 274931
482635 215339
336117 417805
406395 515369
1294 244178
342587 477315
357069 405523
206580 288122
36161 506148
258516 453457
479078 451428
161257 145196
472461 477351
263343 272770
281624 118127
106582 56512
60233 477315
538696 528847
44839 386987
414184 300027
481038 485886
239268 478881
331269 244560
470618 132268
272356 296113
48474 503260
505587 410676
517360 193556
309720 102321
530271 481532
366569 239137
373665 186300
323679 5611
54913 344617
2861 140781
331105 469605
357423 543060
237336 48985
92182 515369
74995 421576
264319 295120
103189 510778
288187 138212
360232 90818
215819 450549
504941 370688
5433 40539
24156 210235
219554 461644
411033 146693
115265 41762
7003 428694
178132 329879
5331 166478
311687 517524
190396 169852
9093 546554
47090 417766
261942 142693
375226 222580
154002 518050
360154 447371
24441 22840
498503 460118
288482 31512
214395 81457
502391 131438
313450 214811
17243 469223
179506 417805
272058 108006
135610 94690
233895 546554
84307 175491
134578 229339
244480 518525
130348 70468
376944 76305
452726 433276
324144 323301
387422 464082
277958 417237
452625 246588
495293 327045
472147 397215
81778 418019
114989 260682
361659 497931
142319 142693
324395 180333
521832 274490
269709 325391
148709 326560
141963 395585
47571 479324
185333 194929
460886 423583
362989 79008
127518 116287
201443 417766
35863 457626
450386 417766
354698 237685
5037 59994
5596 313872
99311 249417
186638 108006
255807 252173
314640 75978
400922 491562
230926 276963
516353 406042
470087 424215
56674 229867
340297 5011
71457 6412
496500 63985
264278 532453
547662 225101
224815 457626
168906 395480
362367 544173
355799 480175
347091 296062
305595 119348
160735 221829
72354 142693
282587 90818
468025 78829
254474 116287
13772 186300
394279 20705
209293 169852
68413 133084
443692 362526
177404 248094
142249 417766
58908 274490
372096 327045
365619 274490
164597 107647
116180 409749
231271 291937
511706 498339
22881 42204
444061 359221
94995 32887
333166 326889
169977 80417
385330 109163
323039 477281
328902 77412
74276 431921
242043 421191
303245 242837
541165 184786
125169 90818
10305 116287
502372 250633
342803 388177
520349 36683
181079 151429
362727 142398
152949 209510
427082 477596
284838 42992
414676 515369
455196 45039
397070 491392
321857 470559
41665 197181
186548 193169
444726 52286
101807 483989
75695 130043
105539 251288
227034 57595
123777 82174
231287 503465
107361 167254
340237 19067
224511 73281
391106 91629
501817 89539
463383 394455
59987 174345
324863 475167
513209 50149
430689 423583
35462 261769
488172 39622
476570 480019
342201 436427
281777 305759
180865 327045
412183 53373
429725 236701
374742 167130
265877 506207
414253 29207
362498 422785
238964 253443
26663 338813
320108 168904
303647 97160
329194 202569
202687 536107
93926 169503
260975 134652
199346 239137
153237 161231
250932 264784
151904 194693
299315 24524
267296 469836
59987 498191
481444 13321
488779 42591
497079 430383
378023 210235
33686 394039
169791 195023
391426 291024
474202 327045
483883 395195
498689 108006
377318 417766
239716 546554
139406 118947
223404 289816
53993 190037
126682 499134
3880 504665
430669 248625
520566 11323
102586 290823
357361 128805
293007 46167
51154 339506
542932 477561
121374 228847
281822 206660
309499 469836
368993 41200
471666 417766
519326 341936
310476 432053
77180 469836
164088 415149
425359 26127
78871 395195
490293 332184
262985 401864
516214 170923
397430 404811
36855 170227
420399 242388
240712 327045
124123 423583
229779 108006
116242 159547
530772 544144
397718 108006
100893 459278
469649 144777
259013 476588
394313 63985
280226 464427
413395 477315
71591 284425
547774 353332
117291 451884
21966 423583
74131 312246
534009 420403
1152 486455
332349 101499
279532 268084
346308 259586
442579 529081
331325 257890
203835 164569
55755 236185
439155 294512
394636 397414
174466 303574
436595 70693
497234 42469
239330 327658
284395 118771
357385 434681
427112 500628
21512 203689
192588 190594
146111 69504
270044 248694
55158 270459
176705 498910
29890 63985
358220 116287
134144 186300
171928 138107
177332 6412
486694 344094
242635 122610
207050 142693
179368 484511
388277 70025
450911 518525
526137 49144
82151 105076
285430 527050
420667 319621
143579 108006
195033 380949
75134 447337
119336 469836
430258 460118
135092 546554
262026 466513
376553 216065
255228 518525
503744 71444
395870 105211
57763 481532
114045 227126
469823 180381
375780 521404
395965 176921
41611 184404
89875 294523
504759 451531
503490 517318
500846 228371
387775 115678
93206 180333
503917 538032
462550 364791
425183 477315
452839 305691
412563 460906
377541 525265
514016 408129
256589 469836
234385 216297
180147 215531
418510 460118
382708 252173
211508 387912
358442 1612
503935 311470
173993 295052
423192 464628
115046 265295
257637 33441
435411 135032
310711 70211
143191 260582
388430 185846
205101 298972
68832 296902
522978 37027
428066 547848
331261 316929
60576 163407
515875 452036
315359 461861
273336 163287
364475 327045
182088 428514
166131 459147
21569 101499
217803 118978
11188 142693
428801 228448
546328 216196
261844 132598
57708 292083
358318 546554
544363 274490
358306 331448
342787 433276
401717 166772
446537 445948
111172 351192
302182 189798
150121 237023
535284 305759
410894 519475
296052 292428
374645 291024
95952 35941
374779 527201
23434 424994
59375 117982
493282 25279
541185 63985
140255 536770
511365 527213
490044 263664
139791 387785
2656 709
454309 94690
11998 34379
254447 318272
353791 307748
383045 483780
114271 108006
140644 252173
157754 20562
464149 17555
175899 302583
441662 291024
504348 112117
529228 5250
125034 515369
340395 279959
49163 237097
137958 486371
285452 131198
382557 43578
440339 515369
163060 399829
359806 410527
71638 486308
94585 423583
122434 6143
445682 410968
394875 305759
419811 440962
538165 301884
131107 244178
282301 417834
430823 543571
130500 291059
382697 168126
407259 32887
391113 502375
486290 546554
208641 129537
83037 336252
424963 276103
471571 348556
105623 186300
301239 217368
149817 204882
263173 422681
112633 452690
16743 489209
346956 520498
55064 192000
513804 16008
272803 495640
366705 14891
334114 24598
240713 108332
54471 76649
242884 437237
116801 255451
521277 342405
207926 254453
434801 451710
291730 502721
210913 93049
74105 252173
513451 61296
124921 384589
530761 274490
311600 301884
268328 394013
234785 186300
372436 462208
375640 95967
176671 142693
109675 528873
446486 505886
37637 13957
34499 217535
421951 434238
335454 142197
488484 284994
26984 440240
448198 128389
178027 351461
2780 92494
195190 255881
451164 462818
14315 274490
539686 442508
297260 179743
350983 489575
123972 191033
186660 514188
67488 47488
387669 216297
140455 462270
103628 68710
122361 116287
215998 329335
178825 77311
327930 39795
64111 190171
102178 204882
470320 418183
341539 515369
376366 448632
240428 197082
269378 399167
471644 408816
129498 423583
59396 252575
114004 530404
479203 32887
280157 541549
115589 318170
265935 189529
204720 392478
367279 80035
273610 285089
391305 514099
224783 60497
494138 546554
341065 188116
150049 454983
175891 348630
304561 342719
115262 63985
229095 281241
427944 530498
468623 279026
361570 491562
69216 79651
212920 306194
70562 282429
485480 218914
412840 709
182983 414039
212513 519934
53704 327045
356032 204882
28005 501758
58254 451710
472938 194442
77233 100039
15731 228756
318522 546554
508604 449535
383776 526030
519217 313431
427445 438289
94583 22649
360727 108006
231116 195624
526636 422631
511236 305759
403377 379162
395719 495233
294681 139624
373503 336141
231386 304735
500513 3217
23942 536757
405797 242033
189563 93438
301958 35511
372451 525032
124017 534898
11739 122727
192060 122073
424335 116473
138268 303236
489252 287869
181555 451710
340572 530075
11513 465308
263653 79922
116496 423583
419834 121649
438922 399167
258691 546524
164921 8285
338776 709
21869 301316
223877 147140
107653 187233
138784 56151
490871 400136
149485 277609
343807 525422
486798 498408
228102 531243
5840 292987
357122 142693
127516 29843
117733 186300
142644 460118
272614 293168
6977 108213
133307 112117
517999 139624
45847 489575
135423 18512
383990 18056
224860 142693
429777 341081
387571 125505
176364 523355
475882 529942
363863 436721
43453 460118
92992 357404
492906 225961
437908 184742
213710 435713
177986 485614
469335 374410
407395 395195
323293 238757
534262 228756
496052 363308
118997 518525
540051 142693
141070 85988
194862 359358
410942 175499
305431 254453
22760 252346
61439 408621
228810 432328
364899 118127
339196 520602
531606 344489
473874 19304
301751 417966
192909 341156
186780 8539
72046 166964
423489 343026
239752 41326
247346 141596
74980 138912
361573 465701
130812 372958
93476 465701
309160 110647
347449 399945
304455 350261
154111 41729
155759 546102
38461 150388
529726 518525
217140 149508
449800 268562
43313 478881
344127 534639
136391 270689
185015 423583
159349 496463
184851 182836
428117 265639
37986 403425
486425 497931
123057 512629
292236 116287
357252 76117
319829 169852
502654 54
295131 59582
522651 150915
541808 108006
32865 298502
536901 8922
399820 528067
11899 274490
495662 466207
398281 417766
328787 544698
61678 469836
274068 252173
13735 430383
224768 417766
343162 40090
214467 265639
267110 63985
431075 193864
335930 439202
485021 256138
490768 360439
339340 186478
199210 394627
90471 108831
403283 238356
396103 184042
332596 198788
507281 116287
125964 286324
429101 151711
365307 116287
518182 232019
128410 212666
238878 228448
526043 422909
444890 85227
217315 341557
417548 417766
263905 441858
85146 364007
148784 60497
519195 432002
139314 314950
17157 24596
479677 141735
46091 178093
266505 37163
73971 494550
480512 87505
53513 322046
130510 418049
393149 232030
300034 66146
179609 301414
39866 313902
379717 322959
382468 506220
156683 297429
532197 352135
162213 474244
536872 462270
335240 498247
14938 421282
514903 422785
232923 237311
424039 408816
534631 78045
416698 293956
414667 457829
101438 361697
89858 70860
247100 121534
340307 48971
73777 338071
19048 417766
173291 327045
242736 122872
306025 239137
56294 187953
375170 168331
472586 110168
526391 522805
173523 468944
275235 498626
427154 227381
470706 55962
165221 270689
386449 509876
43153 441089
502527 531729
300504 101499
380500 274490
42499 490870
186219 441089
212788 248625
318006 181362
500163 51454
364462 6412
352355 324541
49872 459301
320928 143739
175152 198192
73672 250985
288051 255109
252351 478566
494779 118947
402608 326363
325303 63985
129642 186300
99181 460118
212960 313221
482479 305917
532648 457414
334984 543060
312794 90818
528943 252285
231211 62246
267683 305917
80566 204504
519040 299102
231792 87955
152195 152193
17651 320912
85475 97655
453519 271909
116120 308823
535306 369163
246676 101499
465443 541549
529014 516387
259573 6412
361278 459939
309416 442321
208360 442913
386154 88645
514204 97090
309082 502193
