229101 52438
44848 181589
129965 183803
3047 227513
121438 167943
210461 3715
32153 146004
259788 215860
115968 111473
138135 252839
220060 224639
269700 141518
213874 231188
262911 230387
74200 141626
205855 73965
178678 221173
85730 64441
150010 149169
59686 141518
239511 129409
196660 272493
67983 57453
165739 4711
45678 258699
243331 116734
208926 34216
142371 61581
111927 52438
51420 173077
77508 266438
270052 36035
75736 100484
158540 208951
138569 73206
219408 161801
12363 141518
260187 152269
202339 197137
128381 212068
179179 103486
116438 8191
22734 77437
82670 56031
117807 181499
227608 67943
168554 146004
152482 23803
61940 117393
259049 186778
234961 249732
244170 220001
99655 249445
21424 273595
173026 45614
163156 268345
19603 84880
71206 146004
106544 39221
75481 257846
259529 3757
60155 87216
198631 105496
245377 58170
233787 5798
247065 33350
267433 273595
10870 113409
55684 178443
76035 14529
7742 221325
20092 266442
46916 51741
66969 125499
232654 211155
43696 272493
89622 103432
17593 273595
131089 141970
178799 31077
62513 271653
166581 224439
129026 228505
32151 133488
214536 273595
156406 92248
211337 100195
64277 96866
196259 52438
17648 192450
27959 60903
44077 127265
19234 17888
192367 265139
194057 32061
135359 64653
70169 192434
154336 73965
185054 171114
120106 23741
65754 54948
234788 104996
8041 182613
239338 272493
92375 272493
100704 189458
122171 183944
90409 156832
212416 115951
182436 93578
249970 196208
44507 250782
23975 266442
3986 65703
220762 42994
219997 227073
263968 577
218052 251213
135146 216352
6753 212785
96444 200696
59989 102256
118513 44994
177472 273595
93041 202551
55385 181918
9062 118651
243222 148204
98539 258874
209760 170548
35180 217780
242256 152389
24879 121955
170914 198908
266281 13641
223296 156123
78696 60472
96872 78629
115907 36696
138922 84880
117218 229591
236737 273595
227443 27240
154483 69990
77403 39220
96208 77060
75982 61814
122520 248916
99604 143368
124237 155004
164734 176347
92624 33129
19963 205796
103970 260533
38820 241640
181672 191454
36343 23067
7899 141518
63471 208951
87912 128709
233401 210179
92541 170537
100342 180726
187557 52438
74118 15321
59574 613
86906 46236
112934 130619
50354 161292
66817 84880
163836 241119
258179 189500
105115 227655
146321 265438
138850 146613
269900 60404
62973 93448
144879 195652
69207 205013
4920 208951
195220 24671
105489 117737
1300 98194
86137 208951
181445 242013
118146 260533
62787 250782
222583 273595
46615 84880
9336 202286
208562 125499
28680 194623
2264 121020
135758 1571
133284 248916
216276 34817
159531 173732
198436 98940
124108 24145
149635 19282
267700 251871
79193 205013
244731 181185
151128 198585
27155 186941
64056 146004
101147 252085
222884 113957
215872 209650
119008 245133
97600 32691
187908 91071
9744 260442
238065 84880
226518 8319
3668 205359
235230 135220
167375 100190
75380 244651
79779 207804
125883 182239
5400 250782
79062 237604
183865 174049
47476 105687
52277 1487
153972 129663
204088 171114
114747 43734
10574 248916
65839 98705
244118 71147
161292 132172
200235 56859
232699 132769
256337 250106
189526 172727
22272 243817
49291 233906
251975 141518
77290 239826
155807 88660
204688 119477
112053 41121
212360 131664
190827 22321
78375 11576
171437 60472
259510 194712
4144 187772
235686 50298
37934 152331
158080 201240
210147 183944
32917 146004
121108 216352
156144 179833
156861 17654
26893 28093
264822 132754
91619 27391
9348 203735
102268 159560
221960 154839
75725 106050
239882 9471
173845 183944
163970 205013
251229 252896
271907 235249
101450 214409
83184 99308
252227 139575
157610 223799
16082 133528
259379 231031
163219 96685
161348 137398
260214 146974
205743 140386
103283 85898
132891 20695
107834 194712
40997 215557
83641 208951
10896 35877
228783 248916
139281 137224
193578 255302
168938 146004
37596 171114
80554 156330
116159 26186
230924 126913
199645 172136
48716 227928
215167 166485
151406 217147
174550 88331
182309 77456
262643 31066
46499 268621
204254 273144
47982 220001
201220 75983
114968 60082
134963 104382
25548 90280
75942 190323
88736 226879
238945 160667
47678 272493
214928 171114
214757 210760
4020 250782
153740 166485
257252 228322
223872 265724
113701 246762
206837 52438
89192 211727
141283 108991
231490 208951
239461 256119
169782 266442
199494 248916
94135 210064
130364 209983
229429 17209
252851 57663
267148 133552
214406 35715
217387 126459
75672 160912
96940 208951
50001 272493
148642 223004
109143 87216
81219 135357
252223 50347
74623 205013
2894 93360
114785 157480
47013 223517
97111 185455
237138 171114
224971 84880
83845 235602
258723 146854
231679 208320
112633 186583
45821 187428
171092 205524
228898 131319
159843 222289
85521 68068
216644 110185
256724 251787
116437 91155
175719 81557
45901 172573
61911 273595
91696 148194
250515 205013
207181 163474
31557 66981
50428 36113
152530 171565
115182 152394
120679 84880
241908 253591
54999 171565
112001 156654
185587 179833
127980 111676
116555 198904
217717 121154
167689 76043
39919 16686
87166 75323
54249 55783
86405 113099
169593 196745
256517 73745
193335 183944
12011 160258
207649 108674
84128 169759
130709 102256
91899 141518
122765 21448
149169 260744
205821 118651
205303 199974
119044 273595
268615 220001
85409 223591
196541 126186
243834 198780
35332 237992
180645 167130
203530 2307
218084 218020
139203 18080
109151 60529
117080 132172
248692 4083
231039 220001
111181 92541
176788 250782
171591 162988
177352 131987
244343 218720
222743 273595
91841 150492
214316 205013
104277 113957
232560 163575
178362 180630
128562 72983
161620 273971
226957 220001
121839 269045
42039 230757
224414 236036
232385 91015
62657 26426
207056 108991
73297 248916
257861 95679
40728 119338
203535 116942
31943 266458
5333 130619
148967 132172
76025 126177
27177 270457
199839 205013
217224 273595
232785 108901
155707 175346
158159 153685
94686 18480
69981 139524
121578 150267
250485 80480
16493 267915
117337 141602
44988 61157
74140 70170
145536 233654
168486 52762
229311 171114
263956 273144
203270 183944
120237 178909
66523 91301
157784 106050
135313 220001
90444 57663
121504 118705
4130 93878
69979 91792
62863 32705
196873 118651
173480 162829
62618 32691
38868 202786
203632 745
7611 268717
114950 250782
166009 268903
33181 60472
230002 249038
247726 39965
73910 222799
241215 12936
255199 15962
165282 192845
187942 15532
65537 183944
76276 1571
143719 13315
84869 36113
51646 259612
242935 250644
23873 250782
2043 118013
48543 110998
264354 86271
207838 181589
43815 156214
68864 201679
23452 197102
252424 205013
232735 142399
13318 10773
14604 52543
61705 246343
2156 242013
179614 220001
206701 83589
73300 216407
248886 249240
174539 220001
20811 266442
232007 89063
154773 209149
121549 179704
133164 220001
136512 183950
132782 39111
42468 273595
71684 99701
155768 44843
255191 263936
29809 23067
122174 220001
136432 57904
14436 1995
190957 169250
2110 63154
212181 271605
79007 84880
45520 132060
19880 100933
249280 57663
239782 54197
169650 200111
146724 16948
145123 55783
222040 74009
113945 140412
20615 162183
104591 153296
233548 197541
59001 129811
232385 94118
11492 93051
144711 13150
26891 114171
80380 82265
205261 258063
64968 155833
146358 262848
163868 23920
189770 221834
63858 171114
66550 218783
252076 270472
64486 81987
113122 57663
235732 111203
72227 249065
228915 129463
238175 250163
171064 65844
177750 26586
142814 224624
72149 180534
164912 48038
52784 273595
261814 151660
39143 152269
148187 220001
67776 244311
101667 111203
189607 67720
23142 180861
140847 12944
151436 105913
93404 256089
21037 270144
232112 134783
26873 104488
201885 237214
31648 172143
77955 266582
239322 171114
258093 84880
48292 273595
219780 250782
252851 86441
83272 200207
122929 30598
101548 19088
108452 211186
202480 140168
148136 175110
72866 161485
164341 220001
17727 262331
62254 248916
134771 89071
244776 96386
225895 195984
255738 73965
205281 84880
161074 271043
210050 151130
204661 179140
191465 47827
250917 233433
205802 66044
63138 146004
162653 170548
132403 141518
140951 93360
100224 21298
265352 194609
40362 178403
240413 37287
21934 90444
216995 273595
100367 6029
87289 1799
54209 57663
268961 20548
268584 99676
167078 56076
92438 124933
136225 208951
97501 189953
129301 70336
147317 248916
261185 194162
222581 145769
177707 113481
50563 267765
145023 229356
201583 130471
139914 13527
43840 223331
200250 105651
248708 184770
178255 173108
87065 166966
122705 208951
237708 85802
56964 165656
273637 250782
31217 178403
47205 150714
210871 235681
110038 273595
96449 29584
97698 32047
30935 160245
253020 118075
81758 180571
141572 42831
165975 248916
232207 146004
51831 205013
242634 26487
70353 225890
17316 220772
189792 205013
94919 25347
4363 99380
48510 105087
67252 75585
234924 147666
244499 272493
263860 30682
171001 113957
175152 113708
47878 100474
192183 138536
86923 146004
223539 98940
83286 138974
235662 174049
147094 189911
258181 232662
153668 172143
7791 252618
37486 147057
226159 138944
51080 242097
46008 259117
60074 39745
191770 224525
20011 206692
238776 216352
190873 136616
69029 102304
44403 83429
9160 71556
117474 209381
146906 226301
204767 212785
57670 47796
183604 205013
121837 22703
166663 245463
84164 187700
20041 220001
4949 181589
50739 170548
256880 232860
27545 174683
93888 215569
187083 172727
68506 19166
27664 208951
173491 121154
119741 124970
35124 181343
47222 36113
117383 155991
84119 4510
113320 64562
14072 252090
262471 15699
154695 220001
10010 140596
62039 235698
105381 98642
223789 249085
128425 71126
120783 108991
59270 217474
202682 187139
128534 79173
153837 118651
106706 82823
73243 67309
104134 28843
116073 10634
76685 146004
189923 216352
1003 170838
251806 179833
40965 269423
175186 143731
167450 173761
26011 200093
62079 90739
253506 130111
150800 111295
251780 273595
30177 61814
234906 272306
185787 143564
37404 138361
125001 189300
5673 113957
230387 273595
245997 250782
255606 211423
106648 1117
1310 39860
46664 151137
227357 42578
51835 42348
133882 208951
50220 174049
44273 234841
118997 52385
190010 228322
114098 56
166974 190857
47718 220905
93237 65932
36368 10741
63576 144555
85240 162123
244099 224833
29591 69990
143027 30739
105528 272493
71243 208951
258724 127201
173290 153800
112484 143731
268569 145900
210915 86612
205613 18035
261866 193744
239379 117067
19323 4312
93644 220475
253687 12629
234446 55760
234398 140188
127417 34872
230923 87216
263101 220001
223443 222490
129098 180381
181036 62815
915 111520
155648 40110
186911 222911
250226 201138
137507 50868
103402 174708
122255 14629
259172 220001
2233 91579
212279 263765
136887 84584
199763 50347
150010 201256
131454 27224
57725 273595
7699 249085
33311 69942
45699 148781
239116 22347
230889 133232
179554 98356
244207 272493
145133 72130
25296 273595
265957 184893
247758 208951
96429 208951
162691 188499
125229 216352
128537 199808
159454 98650
69281 131160
18066 99837
5328 238084
143304 170838
272286 63815
172835 273595
209354 220001
195555 160328
109861 202017
189321 130471
259471 229685
56035 252524
3138 224139
167519 67077
107876 57663
252479 92474
92069 168055
166252 179604
93701 183565
260483 153095
168073 67309
76991 164445
82516 124775
227039 183944
51475 272493
53116 121564
83918 126950
127349 164509
214734 121702
147413 208951
29848 75585
60082 82823
60152 44318
102876 48482
86686 233239
19171 170994
134253 205013
127787 54630
234803 61568
168457 134599
107761 170315
51624 255661
222229 191857
217308 216352
152712 90340
270368 260063
117779 189023
62337 69699
33244 105812
75627 26930
182495 236406
11100 183944
44235 218915
259720 146004
30411 236844
58515 197142
16628 132403
168025 151852
100780 223004
208371 28680
231639 235156
165669 111203
266806 67309
117464 67943
46497 226765
232301 38872
51987 232587
38449 106291
116409 211977
42812 41304
211827 77833
247031 141535
89957 238537
64702 25970
103600 134825
261185 134686
77405 150647
58358 95276
72006 171114
17432 18025
271558 268401
58240 143731
153938 244651
41880 265515
103468 209346
266205 217602
150860 266442
152261 98160
25985 266442
88901 236879
12336 136441
238496 168423
269376 192541
140248 195337
92823 220685
97291 93619
188519 156353
190520 70314
264440 177001
161701 273595
71648 144476
139573 219399
266267 116839
199336 168945
168396 174462
62326 172727
104513 45063
84366 99584
88978 186115
113497 16988
212982 51267
180586 248844
118444 257292
246357 204494
71890 183944
119170 208951
218959 173773
238376 253387
214006 266740
87993 220001
87796 222285
209299 146004
94924 204439
257889 246962
237716 141518
54000 150449
184889 30379
213555 204343
60438 73965
150633 49303
196617 22576
272847 205013
197752 223591
241173 31217
147360 84880
238186 180271
82704 85017
125777 205013
159234 169152
85446 233654
209572 170187
200713 75237
116022 42764
39167 107233
162460 64602
173466 22795
209262 111203
241461 231924
186848 160776
196499 266965
109191 102256
2495 103804
227393 59193
168635 232839
71073 22667
273246 71256
63239 69990
73690 266442
8272 233654
271271 123447
247265 253020
272172 213309
222310 272239
221772 235796
106876 168222
41390 31420
142714 228838
173393 57663
156291 176265
170947 220001
245336 248916
261422 2133
242694 14280
225800 41724
186711 145769
95760 61006
131192 103103
