42847 114431
89 63630
122559 70186
13593 94748
30988 46992
49845 7161
105809 126519
44501 8275
95482 136636
55681 52497
70397 37865
74074 9276
28330 129701
98013 17076
95633 49877
100217 24681
79731 84433
38437 119303
113824 30847
55767 55067
52567 122785
48974 7208
93940 118026
46813 9276
76085 39685
3345 102425
27075 119038
85973 70439
122225 69371
60879 66195
103642 98823
128093 126519
15622 98823
128155 52497
58917 52497
72872 110159
68284 9276
54904 29312
8783 65716
31260 71902
120304 3240
64572 80517
76547 68271
66621 38988
70529 12304
86950 92202
16479 52497
68374 65586
86792 80921
91631 125205
128660 15332
119732 46216
8774 126323
112158 44869
95134 126519
55842 65897
43741 63202
6471 52497
103397 31376
19554 98075
13160 10481
21862 134034
65314 69392
117850 90343
109334 46350
6346 128408
55044 71571
3419 9276
94329 112885
46760 10887
49047 9276
110910 27807
47754 41841
88981 71744
61216 136045
130159 98515
36669 4969
110475 63112
101887 220
100605 104994
101725 118865
123411 39926
48018 93012
128032 30708
96299 99803
82672 98515
128846 131389
43221 112303
44367 23097
3808 60575
73377 58696
11773 98823
56105 78974
83315 126520
128331 80676
41669 83742
14601 112310
56064 91937
18543 67083
80602 48256
4544 81968
120802 81012
40432 3240
112181 67083
67267 9276
99539 98692
18917 126519
5310 119528
131686 21840
98235 130607
134710 112303
58565 79757
32136 67083
52737 31783
35918 115465
101147 123053
31110 9276
67915 132843
132308 6885
92240 36099
55923 28573
51146 101745
75453 98823
39415 4150
9661 8135
4716 52497
109573 67083
7246 113293
66903 99435
117215 42393
17867 41400
102122 52497
108978 19064
133724 96433
24725 85130
131684 8219
89322 35479
98706 79066
39013 109082
135646 75808
20353 90486
79934 51328
113628 91520
126361 8647
130019 68631
37695 55157
10847 107331
118075 120918
135327 98515
76647 3837
86745 77324
136070 74239
22290 17008
26785 88195
130971 116288
133344 79772
73739 123687
67421 67083
7238 52497
70923 75177
28505 102895
7209 51678
73007 36301
23054 17495
101798 126519
81311 74830
136550 43826
61651 36391
116320 8275
76759 44664
79310 113682
91722 61586
67807 89724
82841 21669
19546 20890
91008 3240
134358 136601
126995 3240
114706 3571
74040 52497
34867 3240
134827 79499
38036 9276
27432 18614
127702 74565
61376 119447
46829 101037
83999 59750
50354 100850
21477 41656
55694 17862
79248 24681
104201 12304
87169 52497
30385 110234
94616 126519
10355 48847
1904 126047
129111 136883
111908 46066
72033 112273
29474 98515
77088 124120
1269 24681
67544 109387
72007 52497
60965 20890
129636 122226
101028 29955
37742 3240
101243 133472
56164 57278
116285 77332
111814 102958
117438 67083
40173 24681
115225 80640
126433 93430
123093 55198
42193 20506
107832 18710
27315 42863
114609 95654
111125 91937
109897 126519
47712 75297
34741 62473
117688 9276
99606 83400
91799 80662
106454 112794
20887 13834
105445 95645
36214 103141
40594 73748
104667 104511
79327 115043
22386 114609
112457 119794
59921 67053
115659 67083
60035 19128
93880 37541
88471 3754
59516 43871
19216 105050
61678 58532
22961 18919
23266 75167
98 98823
39492 80732
63807 89605
108455 53009
29247 126519
113733 126519
57994 77178
135552 57298
96410 39775
2757 44562
112311 118325
30094 123992
24325 91126
113534 95645
31416 41207
103334 77591
81694 75589
129120 126519
73048 112203
93379 98823
42466 69398
52285 122108
133390 43279
93244 38783
52647 112303
56513 102589
22831 81051
17276 51364
76649 61998
96431 126366
90 40400
83788 115033
31065 43479
59775 112303
128995 19128
68914 55887
118761 129942
24924 132842
135407 7182
2830 52497
111952 6574
59505 16067
54525 123641
111499 52497
91500 42827
125307 50679
82646 126519
12388 101262
24965 87222
42217 66576
44689 20074
130578 113009
39117 3240
124500 123566
103469 126519
64589 93214
93003 39566
68400 39809
47812 9693
90217 96392
19131 118636
136427 99435
49303 58734
12231 3240
9318 67083
480 68701
102589 122286
55437 83426
65362 8486
121243 99063
35335 129676
64092 52569
91847 37956
123418 125551
9544 9276
106384 67083
117770 98515
112864 73958
57720 43663
116165 15335
76453 11009
57668 74565
21584 22564
116323 52497
16376 98515
56357 74904
89760 9276
28012 29214
48247 34239
91138 41882
57508 62626
86791 67083
129977 51678
19426 52497
128405 71827
37188 85836
52436 98515
44569 121365
94469 33346
90104 107798
79459 2896
120843 42880
103532 19741
4648 3240
93340 67083
127013 33348
25717 99650
22200 12917
95166 12170
78550 14231
77926 102458
52033 36443
58911 13436
12411 23306
61746 124983
122521 45016
25106 95575
7383 95553
67485 24128
53710 18843
50987 98823
44570 24681
122292 134034
65302 98823
96291 86955
31664 84428
23373 7892
64105 65611
82348 10938
4434 34544
54817 39876
26340 95245
51414 80869
106065 117259
25498 126174
66285 52497
62690 107697
126124 134143
21115 60366
100719 7209
135443 77277
62762 101483
117790 85200
45126 67083
16964 82277
17253 71571
134027 126519
108796 73741
24022 57249
24366 59088
87728 72795
81943 33346
55700 60195
105826 32478
33173 87266
132873 88245
54843 77324
130199 23141
61337 126519
29034 101745
110047 31749
104817 54765
128495 112303
49662 32248
72795 63808
7713 121938
23517 53555
85356 27039
112164 34526
68571 23348
105510 130201
5908 98124
37575 13257
39754 126519
46595 98823
91110 12259
116563 122589
118621 110689
106997 48404
70645 91998
84122 2734
5031 87447
51941 56291
39112 15938
89282 76497
32053 49795
22692 92044
50554 3395
21704 130647
86278 122275
134908 12836
119805 113505
130633 82786
75512 84422
123218 121363
45496 88640
18512 101267
127052 88468
27075 20890
111667 57278
41018 52497
120220 12259
95654 24681
60445 98515
91420 110933
133390 126519
32309 43165
20421 133666
53255 102857
62828 55135
123932 102243
54134 112915
50623 106868
82379 122014
18889 98741
42286 3115
127095 39566
105047 70186
15301 52497
99100 38779
3586 109027
26701 33300
103402 68171
7708 19123
105558 4592
128359 52497
117231 50179
115611 2144
97501 12604
107862 133271
4163 76691
73677 52497
15740 132643
38167 71902
112951 54218
77100 131083
45478 119038
130592 1655
132495 88715
112931 70439
129453 1039
63630 4511
75463 125169
92267 118636
16734 132140
30385 14101
75765 67083
69267 98515
106329 102807
79949 98515
64739 3238
117810 16220
99855 126519
8478 117703
66525 62477
49462 52497
82325 112303
25563 52088
123015 98515
59706 18781
17841 126519
103928 132004
116456 131203
91980 132135
36063 55073
18621 43007
69279 24701
42744 44039
103116 92069
65854 101745
29395 73513
85222 13667
123653 20648
68126 75122
100994 108619
89474 3240
57425 4468
105798 99092
23663 39029
60531 98515
32361 117169
71113 15594
4812 108873
135576 67083
2251 13340
3115 3240
122577 131670
102726 88860
34945 88368
129745 27185
46364 98823
112639 18149
93486 98515
14436 9614
128146 80041
132914 54611
31830 98823
81125 3240
35023 58579
101690 53938
127740 117283
93988 9276
45089 19123
107729 114265
113597 134848
96854 68539
136257 92229
61152 67795
18111 19064
125868 120868
87088 33278
121519 91584
63492 63148
131518 5891
27866 8275
15422 126519
57708 19616
81462 50226
39855 12423
25014 98515
38565 51862
9530 7426
113145 2750
66019 1655
53702 64133
107699 15023
28498 67083
124723 37534
67944 120815
126244 106694
80185 40577
33464 38867
50709 39723
566 32599
8469 9276
26942 122996
55986 116464
28789 70164
5233 98515
76144 39316
21740 8595
50891 126519
22313 81752
35780 98515
77185 49656
132302 64667
120474 115798
113682 31360
61502 108315
95048 53908
97216 24244
45776 122403
99226 89874
107609 20890
23951 111952
117163 52497
82047 115536
46645 2723
25123 8595
19726 125216
25780 86064
58392 101745
56087 23306
15484 100619
90428 71774
125768 52614
134395 52497
40435 66576
4624 106980
43823 39989
128039 13340
99012 21124
14444 52497
132037 27839
31129 66856
98379 49306
70309 16518
113045 83400
107961 60745
79612 109387
84639 12657
515 28446
135113 23306
123566 83182
79644 98823
10221 98823
107525 7384
17488 98823
40582 20212
95444 76691
3134 9276
26701 45093
89971 101745
91512 68275
123101 23353
100680 98823
51562 49795
7807 9276
57422 95612
123941 126519
27769 82752
60655 65586
94798 40580
81176 52497
32242 92096
91243 96433
101563 9276
135070 93944
16394 98515
28337 67950
107201 98823
121049 126519
116987 90166
123955 132688
121249 50899
18849 122996
66941 78300
52436 9276
28297 19064
1120 20890
48614 19011
38277 58605
1085 58356
135369 131789
118994 112474
66331 11800
48745 60112
102789 68962
91398 48792
106936 104973
129896 9381
129014 45263
89625 9452
65346 71902
38524 98515
64687 2734
19566 29312
26200 109387
131569 95372
95414 7383
73464 86064
65950 66913
19867 57278
135411 113181
90020 67083
19856 23306
90416 52997
41188 132663
84841 132330
95553 14631
133127 133467
81906 23306
41782 134804
3586 95612
17057 123080
102108 51648
103047 52497
132099 107110
34955 149
123979 42320
54615 45524
95699 126519
59294 82216
135741 62626
108075 105795
117430 67088
6634 37287
4071 98823
6773 68713
8203 44843
6857 110772
44279 51128
101214 20535
75915 80605
87339 56273
63352 51570
75845 3240
77139 39566
80638 14543
94418 83400
77918 14517
47020 126519
61418 48884
56127 128611
10231 98515
22176 126519
129472 129799
103453 109080
13158 98542
15020 129030
24941 98823
401 123579
124836 57699
80145 66699
27039 85356
89347 43713
82188 104764
71138 111545
135916 82786
27586 103302
104740 44555
37000 98515
69279 73727
122367 76691
119721 9276
56130 40174
114844 69154
58339 65487
5381 132760
121267 61126
56710 15236
64181 31365
72385 57298
10361 10658
36040 3240
5023 98823
12326 117648
111016 52497
7750 130105
71144 135833
33278 99849
107859 29804
101307 64696
116194 52497
17660 23306
51036 110756
76374 98985
107681 133534
114902 34626
132785 14039
29170 98823
69316 11279
69142 105135
23177 42393
70563 57278
85116 48566
87162 126323
116717 4550
35304 90832
15590 126519
94730 93430
59179 67083
122430 126763
89156 30377
76239 74211
127692 6725
93140 3240
71217 8275
91428 77886
99397 67083
4301 48251
6085 98515
69919 29398
31455 108585
136650 101124
11366 8595
61937 11572
77228 101253
115112 32666
127601 29551
75305 128929
134031 74267
135721 86304
60908 48256
21678 3240
40492 99784
52616 57234
130810 7223
104890 116093
21989 52497
32109 56359
24337 11213
80655 99784
46471 104102
95468 77364
87191 108626
18763 8044
3709 79810
92044 22692
43280 49238
22088 23699
71204 39746
107759 48738
42775 65651
115573 102049
46811 47897
83908 102857
7114 23306
29977 15701
46755 112915
39228 100343
99233 121592
123122 2883
107549 101709
32564 108671
36582 23306
123085 104994
70363 52497
115429 44564
43655 54615
113915 57392
82542 71554
88944 60180
42047 52497
113098 102262
90272 108874
115189 86955
15807 106060
100097 81909
14039 18781
52429 9276
53355 5898
132221 81876
8002 114466
40278 77324
80254 34099
108266 126519
60347 126036
42447 96829
82633 82759
112922 3240
102845 83581
116303 101731
46394 8235
38214 109384
30458 126519
72856 123228
106243 102314
64904 7846
106952 136896
69604 98515
77324 76691
76647 128846
18763 102552
80332 126901
29883 9286
24740 79810
96520 92202
34030 74267
63199 71705
37129 3240
3415 96445
81435 103063
38164 127938
114895 9276
7603 13718
70291 122798
65394 107278
87705 117805
53824 68449
41743 48792
80055 104180
9494 71405
12480 12259
15710 98823
121075 34346
47302 94478
88754 110621
6846 108874
72566 52497
124406 39029
26237 9276
121690 59983
25205 12305
9666 98823
108757 9276
16865 113805
115477 9276
72684 45551
98617 3240
96928 37505
25908 52497
49201 109080
37826 98083
38627 33346
106716 52497
20466 131670
128481 45562
122253 100427
113325 95117
129061 19981
69846 49071
32412 3291
74944 61718
87793 98515
136221 124335
96446 103347
52572 6705
97755 126519
99917 126519
71919 105047
108644 122996
84757 67083
50801 25995
73733 34477
52401 65894
79466 42410
74953 40624
22156 42332
95467 68772
130587 71793
136427 59431
120697 113237
56291 49795
69361 80017
126686 84584
43584 17408
89971 104769
2190 84867
38142 131670
74850 68449
40267 81713
75390 31424
74121 9276
10939 9276
65254 114064
61671 107312
97565 133088
21036 60131
47324 86955
37309 32666
27338 47847
55629 92202
104840 36703
82861 29804
56184 19064
58254 29995
59594 121416
111307 9276
128220 67083
72282 17862
12137 82325
99689 57278
58617 22656
119448 70792
118786 74267
82782 48476
38245 46561
50147 98823
56134 33089
33727 98823
106348 66576
43417 3837
88252 131241
114993 133797
103365 128723
109755 3240
68142 121629
5666 76691
53426 28562
78658 109387
