570216 570534
512779 512751
512447 510433
465330 538550
199706 167636
663428 133983
8080 574
647457 647394
200860 167664
44820 44950
397841 394701
76702 461
185702 2804
243022 53973
13858 13863
512722 1266
512726 512709
589446 588190
513436 515498
103850 455
183754 70159
80465 458
233161 233151
87405 87386
187612 440240
17286 17285
442765 69739
445345 445346
565607 565623
358581 53981
264613 264374
29582 582
255244 220737
5335 9
15277 592
251765 251523
104038 486
649432 479878
268043 266685
597292 1266
104418 90522
486766 486673
622273 620606
334183 334157
55153 55123
469623 460269
31298 31364
461209 461191
444642 444639
345432 332490
514008 513942
7747 7753
178651 118626
263694 263356
40261 41727
440410 440405
282406 287552
28135 28102
343729 64895
661346 463530
252780 221787
499537 495193
593980 593984
73616 461
514342 514549
605476 70196
263859 263420
136543 52055
385824 387107
367950 367951
75193 75162
397186 394682
462717 462782
489852 489850
539491 539494
98097 482
463367 463362
262994 261837
246521 244272
204766 204760
563220 555135
112069 69788
574080 574127
87021 486
239191 237728
89406 486
515143 515155
433759 433761
562405 556055
583415 583317
565442 565428
251804 251486
238596 238050
341420 341419
564257 51460
617475 617435
287014 282028
511157 510451
85540 71100
601191 455353
514633 514578
296576 282745
175667 174576
86754 462
85019 85025
62128 62120
18510 18506
259024 221566
269806 275793
547732 547490
438555 438560
218399 218366
109047 109048
653485 632289
535705 535702
288990 288988
74058 480
399763 394705
305688 305686
401895 54446
614596 466816
515713 509999
248983 248475
263632 263607
638023 1266
40846 585
136417 136771
658908 659010
267173 65
492913 492438
74222 101971
43328 574
52137 69327
458817 181681
591434 591473
97080 97033
466859 466819
197009 197010
109442 109713
302344 282745
611137 611180
241786 53973
181482 181563
486191 486195
287251 282413
441130 68628
246193 245793
91437 84060
102758 458
515577 515544
506723 506717
275087 275086
510630 510430
480433 470176
481790 470136
45585 45473
515614 515607
103028 492
25431 574
611823 611917
322421 282836
518427 518397
502040 494866
574900 574916
858 856
249021 248513
170462 116821
246529 244263
648037 479869
316486 282836
511875 511866
255760 255696
78770 457
352411 9
212597 212600
96612 96625
70690 70692
134338 65360
98483 457
6863 6882
165742 69341
553126 553132
90412 86311
17927 581
559271 551485
481007 470125
238065 237377
256710 256655
288151 282028
353203 9
494844 494845
514449 514349
57485 57234
46994 47032
88271 79509
14312 585
587045 584375
451933 118090
532401 532403
396787 394696
449632 449618
106355 489
46271 582
513352 513308
631649 522984
26726 574
443784 438176
113951 112974
249684 250017
85898 81404
512582 512563
244842 244254
93345 93319
282377 294290
161179 161178
513629 513556
251892 251469
461276 461270
614418 466876
250783 249651
569885 570038
230457 230532
510937 510887
510277 291058
28349 585
454220 454223
649499 479872
91623 480
628630 517436
78573 78574
546651 150553
662266 133973
647769 479886
418255 414510
342324 64895
602075 601797
401439 54447
511081 510442
656234 462740
103466 485
176576 1770
505527 505522
584584 584372
93386 459
192786 192515
538928 464033
454761 454488
608523 70195
51415 379552
251788 251486
239637 239453
347497 347496
268613 264321
14616 101
13013 581
317980 317981
432661 432663
81922 81906
50852 50890
340399 340384
284766 282413
399959 394639
479892 479909
384122 384119
510672 510738
530025 530023
25014 9
92567 92540
267996 268003
57106 56908
441497 137
38002 38485
24300 24817
384492 52063
481736 470140
99519 455
267839 69718
79350 455
132352 132172
27261 27243
538002 537987
591778 531408
433459 182069
511649 511678
12977 574
510621 512073
85757 481
221256 54028
34148 594
22134 22142
89320 89333
532795 532530
30418 101
514853 291057
99376 99410
39307 574
469936 469934
210 427
608543 608269
209602 209612
116097 116096
145449 145450
39602 39769
15107 15084
336491 330790
510846 510798
510770 510448
513982 513967
68825 68799
453653 453655
269518 270223
93948 462
70951 489
93651 93617
250442 249648
481749 470133
510786 510681
397966 397963
614257 70196
567933 567939
535959 535952
367077 367076
21656 100
97468 97451
107555 107286
84993 455
85294 481
15358 15532
348012 348011
614503 466815
549059 51457
441552 54839
19249 100
93540 93552
16692 574
101297 101303
514951 514954
488162 488167
352774 352678
406059 406098
105052 489
516111 291060
10258 10782
520808 520121
485981 485982
75122 486
335452 53981
439713 68341
585352 584372
623342 623174
655751 656072
608967 616856
100677 481
94873 480
613252 466816
354413 53981
267065 264318
176386 114655
576537 576536
357800 334259
463251 456079
259891 259851
373237 70603
91277 458
397981 394694
43957 43976
514958 509978
502607 501304
86547 86549
300493 300494
513532 514735
457188 457185
254080 253995
430554 166725
237735 237741
460880 461903
480535 470144
269863 275603
98680 98698
649629 479875
544663 544868
421666 52063
238705 237526
343329 343316
37174 582
526690 526698
352427 352429
218168 218167
518525 518517
98061 98062
21210 101
514803 514759
138314 138225
278705 277787
263746 263384
16337 592
471395 470644
73858 73860
77228 460
230862 53973
433209 433034
502337 494867
399947 394695
514902 514925
603242 603237
649041 479884
488216 488168
22557 22556
520405 520007
215211 168617
264057 220737
422350 52064
112909 617
230357 221586
649879 649884
78396 482
200477 167646
241746 241563
550490 550492
40235 40065
616086 184424
21943 9
22865 22873
246574 220737
434664 434520
241952 241574
212080 212088
365477 365476
76211 481
341616 341588
382360 69763
634182 522337
130723 112688
246540 244253
647850 479885
524911 466790
605390 184442
80592 461
241935 241532
463123 462651
12321 14865
397181 394704
201495 202152
267789 75
665496 2509
250405 220830
521687 521547
442477 69398
242877 53973
10173 10325
431362 1520
511076 511891
105121 71085
38053 38585
27748 37934
383030 135954
287217 287218
510656 510688
32393 592
607731 606073
653448 653449
347807 333061
84074 84093
510756 510700
79644 79601
506644 482774
511861 511856
15114 15077
9370 581
466421 179790
236803 236225
620707 621770
609236 439886
504870 504833
50577 47448
368215 362939
575329 576692
654833 479691
576429 575226
635037 635067
22440 101
51806 51765
460366 594279
517068 517077
441069 913
213147 211144
240551 240027
382398 9
205164 205163
397515 394651
511581 511560
616222 184413
234153 233671
602072 602077
88127 88144
99617 99590
89292 461
616728 605707
107015 107016
554049 548174
31732 581
22123 9
489627 489626
186533 184781
14159 585
166966 1520
252426 223527
126493 55544
635009 463952
30538 30951
470126 470146
75133 75103
243960 243629
336930 350817
268215 265435
481696 470131
515502 515488
13123 594
510755 510450
115364 115360
453221 453227
370160 370117
573475 573466
303371 303372
172476 172475
614796 70190
614534 184426
355915 329662
162321 162313
246623 244244
544668 544697
510896 510885
168005 69650
538985 539990
96993 462
67760 67564
98850 98831
241942 220737
501318 494865
268315 266719
546222 546486
118234 118222
334317 334310
13708 593
226382 226389
300461 282024
140880 140881
88324 461
78366 486
238377 237560
94063 482
607934 606084
510717 510690
248735 248488
251982 251539
251163 53973
212796 52176
428975 428825
235886 234403
664975 664210
345493 333127
221369 221130
263955 263590
648550 479854
9059 581
301674 282745
525925 510178
603098 603094
101794 485
39770 594
554573 562044
633252 463952
240594 240014
602574 602531
248837 248468
105234 459
512200 512219
483739 483746
76382 461
295691 295881
254211 220737
214736 214784
614441 466817
92810 92770
633493 463959
1967 554
568119 565953
169990 170067
4702 12208
520562 520016
26661 592
213779 213772
86570 482
429644 429374
388305 387912
345152 9
511269 510433
311070 282024
79527 486
602616 594391
529742 529740
253102 253079
245908 245772
22076 9
20244 20236
501721 494860
71550 71125
513777 513779
552265 51457
608984 608532
512949 512977
383854 69395
608123 70194
246226 245728
434632 434311
14920 594
613717 613781
384129 52063
386306 384886
539326 539324
251883 251520
32093 101
516088 510121
267108 265613
83634 461
235013 233280
649179 647643
108611 449337
629565 629530
513378 515517
399075 394689
396549 394695
38631 38764
291313 282132
252822 220737
589353 589340
248969 248517
7340 7342
633570 633568
84774 84771
233538 220737
513720 513713
272905 276426
541253 541246
268025 264811
629062 629066
175049 174576
468114 467579
51552 51487
260938 260934
461171 461188
71211 71148
35036 37121
80836 457
460960 460920
176155 1780
414964 416041
84997 457
549476 547994
257898 53973
25809 25779
474842 470076
449877 449878
78569 77100
648760 647643
433614 52190
96421 486
429531 429642
407027 407088
3739 592
452812 452806
512572 510445
511038 1266
485006 485018
190528 189328
511138 511167
606329 70190
232089 220737
449425 449634
251697 251543
559747 547994
91891 91819
602233 601803
84798 486
329715 334255
639491 70189
649007 647643
620617 621774
515385 515392
608304 605130
545056 544558
409020 409024
502353 501305
75440 75403
364357 364325
462916 462964
481527 479847
10092 101
515035 515002
486672 486667
363293 366079
589082 589067
465130 453935
417271 416133
404292 404281
35137 35218
480551 470147
28798 594
4370 581
514311 515176
31117 9
183699 70165
186584 184757
401458 54431
401102 395945
20660 592
282507 292938
242643 242789
398406 398407
494154 526681
328 274
350019 350018
89775 489
481245 470160
463165 462648
138622 138621
510486 291059
477543 470653
634871 524004
552847 547994
12240 14809
295657 295563
480668 470126
110500 110410
10899 592
512718 291063
237580 237877
100817 457
579579 579578
278431 272547
426937 426943
240397 240036
245990 245777
200843 167646
156390 155871
263905 263598
400360 394697
397050 394697
243654 243636
227096 227017
87714 460
481597 470159
627346 510169
88708 482
135912 52064
450441 51389
13348 9
525117 453426
324229 282024
480873 470159
511209 512827
53670 53673
250183 249604
83501 83502
248793 248503
484297 470029
14833 592
407262 407261
93239 461
503010 494855
512942 512922
96621 482
16785 16867
397523 394689
409973 101
510491 510498
548426 548436
325101 284276
643960 642178
299203 282024
659657 659659
396844 394691
495959 494842
443441 54825
233979 233210
177478 118579
602332 601801
501307 494861
19605 581
461279 461259
85972 480
350644 336498
239746 239410
112435 112434
70190 604978
89229 89224
648913 479877
398322 394638
75035 74982
11917 11938
110079 110084
595229 1266
617275 70190
403617 64784
513387 515506
348420 336249
233961 233275
520373 520379
394978 394976
217733 217732
282033 282239
401851 54447
594244 53689
73721 482
423031 52065
239686 239427
34974 34935
13156 9
7181 581
244507 244510
325525 282042
422013 134515
656322 656323
648531 479859
380363 380359
514390 514338
470651 470661
521813 520026
233970 233331
18386 20423
400310 394689
562742 548310
398992 394680
606223 184424
269793 275296
511127 510445
364497 364325
615636 184428
653484 653666
605952 605929
450014 51391
56255 55164
503041 494865
480061 470142
152478 152392
212913 212920
11481 11501
78162 462
513865 509981
450265 450258
360073 360072
246696 244289
25014 25035
480243 470169
510591 510561
435437 1472
513827 513778
511183 511164
628931 628988
84401 480
560858 560853
348433 9
106721 65042
647956 479863
400452 394639
16051 592
333253 333258
595869 456921
97091 462
90104 481
82675 460
27815 581
664799 664806
267925 264526
17063 594
652084 652081
28977 29059
371667 371564
404361 52025
95552 457
596376 626872
515546 515532
514514 510001
360370 64895
515920 516419
476415 470644
468871 468869
288954 282132
445419 2231
1587 1588
102127 489
655269 482782
113960 113961
83094 489
512451 512479
655817 462741
565306 565307
251957 251503
235843 233180
230911 230904
10160 10425
88018 88031
435140 434970
293317 293335
512965 512934
609268 466873
510949 512463
510203 291067
42487 593
397336 397388
98366 98370
52552 388668
546622 150546
307950 282745
124407 124416
79109 461
116833 113158
284342 282024
124916 125030
649466 479876
12065 581
239759 239401
259893 259882
422651 137163
37843 592
62911 55724
478338 477977
616086 70194
412251 412249
189760 189761
461217 461235
586046 584375
652445 485030
155857 155858
614188 184463
548649 548655
369559 9
4836 4939
10177 10174
512428 510442
648222 479879
122502 122506
16020 16470
440216 439694
14673 14725
251733 251540
501959 494864
103556 481
263695 263391
248726 248452
272094 269633
513307 513320
624770 624769
607723 70194
76640 458
468870 467038
513050 510449
322827 282032
58586 57236
235874 234492
91344 461
602702 594365
112255 69771
98968 461
603095 603098
465663 619245
199529 199530
418649 418711
404187 104
494497 519818
100562 100578
73853 455
308059 308058
524176 372713
171452 171459
570152 570164
646092 642178
97848 97836
154984 155006
501916 494877
430332 166201
211596 211419
304111 282031
51702 51478
287309 282024
34701 34710
606625 466819
248945 248504
364071 367923
247448 246763
608301 605654
515520 509978
22133 22163
91193 91223
88401 89082
130255 130229
323819 282836
649419 479902
341715 329474
628971 628969
