529095 528382
488383 279519
487959 488801
561477 561490
69204 69203
495519 54300
11069 569
602546 602537
183254 183253
51500 51192
373313 53765
89758 476
164884 1721
232035 231833
17538 17547
488435 489657
487409 489259
538441 538454
490012 490034
91918 446
168791 168877
101233 101230
207080 163260
80010 79999
406952 370194
23292 23364
52836 2169
420496 420498
523185 51172
335574 336647
252687 250428
33960 572
244518 244435
7839 7914
20798 20795
240447 239828
94633 442
610373 112447
253136 252842
547683 547684
78947 476
460721 450168
585930 446962
318030 9
65137 65573
441584 441331
34765 568
2417 2418
418166 114817
323366 64286
489090 489112
8642 8714
165944 1721
250761 250117
44310 580
407480 52510
262645 262644
32093 32100
335979 64286
628268 628429
242245 241668
465481 465382
540349 543455
90113 444
489380 489357
584979 446959
251566 250316
135063 135663
368054 368056
354479 349562
84152 446
370352 53762
429713 51716
459302 450154
492613 279517
79598 467
433702 116368
248263 248233
236244 236012
185079 185078
514932 514931
119484 119635
529875 529864
100951 468
226912 226660
76918 468
490933 490985
397351 397352
514174 514176
532452 522849
513652 1238
240728 239824
226351 211967
331543 331908
515694 515689
585017 447018
269485 269815
479188 473020
79314 446
550409 550463
490675 490623
282574 282207
158981 158980
100774 442
79378 71844
66142 1843
15521 24303
247366 211967
257788 68366
498535 496759
405155 405131
193370 1481
66489 114392
619379 459220
492552 492574
266815 267378
102451 90447
358927 377539
271247 285414
383513 379848
580374 578737
490909 490960
238886 238744
250617 53610
596555 596554
43094 569
136072 51394
626881 444476
257372 253878
450072 53352
89267 84309
51312 51315
386322 107454
426274 416140
540151 540260
98159 476
575503 575447
174221 174177
114337 114334
281571 271037
574456 574328
230026 229833
167227 167226
460189 450145
271466 270671
410652 410642
234927 212096
92542 89472
101288 101279
490896 490991
587949 69220
256201 68447
488720 279523
448872 448837
459613 450149
52449 52458
491027 486941
87289 447
29068 579
566918 566931
293262 271252
490478 491654
474771 473361
530204 530198
4412 4411
239007 238710
385378 379836
236324 235963
604166 603448
290102 290105
487618 487694
244682 244686
73317 73321
313771 270584
180640 68918
96822 96838
359397 359399
134992 135660
93419 93396
7860 572
152578 152358
501561 435054
71240 90537
23599 9
501305 501047
453213 450088
224538 223781
244935 211967
266935 266937
318415 324024
462846 467675
489453 487384
64030 65311
53981 91
83769 83806
17679 89
537848 522544
421732 421733
492333 486937
368884 132887
423015 423046
80512 444
53741 9
488965 487384
579808 579816
27672 29477
417807 417519
121208 121015
241996 241666
80496 80536
487829 488930
232334 231845
90311 90277
276707 276706
149449 148953
489170 489157
241301 239843
421123 421119
579102 69223
237138 211967
523894 51172
203742 203352
487809 487787
479798 473033
32491 581
422811 180923
614236 612685
92772 467
581814 446959
71947 71946
497277 496758
629248 629250
603016 565743
385697 385653
328738 335350
554721 549615
383203 379848
1261 486617
624725 1238
80178 468
164999 1731
479615 473031
535749 51172
84774 473
173969 170499
493033 487071
377612 180917
573042 573047
368736 68518
240497 212063
226918 226636
323716 318124
257471 19
17434 569
15721 15715
290191 270566
395448 395689
98114 444
55440 55351
324794 324791
266686 267858
381630 379846
603184 445753
365246 365245
481277 481251
492328 492349
29004 89
94185 448
252829 251152
64676 64627
412274 412570
40640 569
28135 28585
391210 390758
450152 450137
102084 82033
257492 254167
77702 444
133309 130741
31738 580
492659 492607
540435 540666
397203 397060
480203 473076
12226 561
487668 487654
73677 467
193573 162304
36859 572
25830 572
86333 86339
492518 486949
33975 33996
490287 490270
71669 476
40899 41483
459758 450192
3327 9
574213 574093
186022 186023
115048 47698
145307 145299
41714 89
20525 20551
312223 270566
480192 473072
484219 484198
489177 487380
68129 68095
424736 47703
257503 254968
76397 467
77475 77463
107430 107423
239283 238682
459505 450145
483253 483009
371492 53762
177946 577777
523498 523495
492609 279518
353586 353587
25877 580
99828 447
375 54117
72224 445
79822 79767
20813 89
344455 64286
580027 177896
499071 499058
413750 160891
25040 25139
70082 448
22195 22223
76707 76702
491138 491221
461141 459294
323493 323458
383858 379887
83141 83137
490511 490568
13039 13020
491761 491795
459338 450167
96408 96411
307571 307572
405480 51809
537747 51175
586323 447016
623239 623214
584843 177898
110364 950
98391 473
575310 574624
318720 64286
257496 254957
163633 1992
532113 532123
340800 321110
420931 420930
247945 247914
358278 66103
91683 444
371786 371771
46186 46697
491153 491223
475748 473383
80727 80726
274801 274802
489556 487394
461135 450134
214702 214694
394072 1383
224422 223695
989 428788
449253 449224
257153 8
100133 70812
617887 617751
494407 494402
383732 379863
226908 226703
333678 64286
38614 39127
492233 279517
314580 272481
192338 162316
490425 486947
100137 69927
25877 25870
491073 491104
136394 136395
259255 259257
251358 212930
21643 21667
441670 441639
69058 69057
70428 70124
204136 204586
397120 397121
474010 473018
124992 69380
491179 486933
564408 1238
607248 466736
461077 450148
27822 89
490086 486943
191879 2588
252336 250628
381386 379840
121111 121015
200723 200711
618200 459198
70228 70152
110008 110004
229988 229826
500923 500779
42429 561
583372 583410
25930 25957
28042 28038
234850 235990
402854 399716
230182 229769
187788 187689
350585 349619
70322 70149
306806 306807
360295 360294
589997 589981
131615 131379
236425 235985
603312 603261
491891 491937
580486 578743
105658 448
230066 229767
431253 431452
18265 9
369379 51809
183950 184020
255848 253695
634631 634624
239035 238732
491757 491776
161898 414416
232305 231849
12770 12782
394591 394550
485373 448350
102319 444
40968 568
40175 89
360925 360960
270935 275533
480916 473024
36397 36536
568211 568222
618733 617753
338791 338799
79064 442
479118 473076
86475 442
479533 473051
487590 487382
20677 561
9474 11510
435062 435027
219204 213050
585213 177901
574117 574254
479556 473031
54026 54042
356828 357661
531685 531707
619547 459197
531066 523667
592359 593351
28152 28231
57024 56758
543506 543473
491416 491594
412148 412147
190430 190431
229550 227948
360284 360275
185549 185533
371317 53762
485022 1238
581537 581173
211010 208393
553832 554335
82314 82346
84393 447
79259 79222
584590 69219
68831 68806
506432 506431
35039 561
25803 26127
491314 491512
164539 116825
17546 568
394223 112567
241893 211967
129160 129232
493625 493627
34219 580
447346 447856
83384 469
232260 231897
271391 271387
253252 252777
458104 450088
490928 490983
14953 581
484524 422851
161464 161442
424729 47695
358941 358949
529457 529458
282120 282138
158786 158787
580433 578741
580371 578743
345890 337272
151014 150997
236794 234523
468195 468196
488631 488662
153698 153699
487340 279521
97938 97964
916 64153
100972 101010
230107 229774
479515 473052
254476 9
496667 435392
123133 123117
310396 271340
17356 17438
193591 162331
276014 276015
145062 145061
75886 469
101595 449
226036 224914
71446 71340
568544 439222
479062 480944
238324 237011
241858 241665
239709 237388
188021 188020
391760 391897
217963 211967
632087 632044
337175 337390
193408 162316
252210 250471
604586 603445
10878 568
275070 270671
491973 491976
565031 565005
104862 81225
42336 42360
495237 512684
588480 588482
229582 228124
556921 556925
238548 53610
92884 449
487728 487729
459710 450168
95182 445
277453 270566
243227 243194
191058 191456
579885 578486
95838 467
585299 589104
4752 4854
523726 523722
157094 156745
15786 572
491625 491600
30275 30178
190852 344
76923 473
115595 173736
368073 68810
307325 307448
487606 487376
288190 270566
104151 75698
557366 557367
492289 492261
242315 241682
233876 233311
27780 89
25339 90
470013 470012
68109 68096
489833 489825
501481 501475
574054 574010
488170 487375
361434 361435
569329 446682
235057 234518
399178 399177
20049 569
576138 435288
364041 364047
366180 366181
493118 279520
240855 212056
36198 36193
490528 490516
253169 252832
82505 445
211991 53649
608946 608934
254584 178009
587703 69227
486948 490368
374201 373528
368812 51762
41338 90
270922 276505
242298 241684
538838 522554
238808 238682
8525 9
588770 422802
90725 446
224209 223736
489008 443812
256527 178165
129928 493439
253126 252809
578715 578717
160331 160253
440540 175310
58286 59368
252379 251197
426462 421178
69044 357
38496 38474
77705 77720
426527 421188
162919 1550
385483 379889
72815 447
500116 149060
247082 53610
29287 9
445381 445395
423017 423018
72674 72668
604592 444334
397262 397263
96452 96451
391937 391950
384399 379886
6994 7010
115044 47697
487576 487398
488697 488662
459903 450131
173348 173293
479947 473022
447073 53348
205100 51761
422553 422477
240251 239826
511123 511127
94283 469
552420 552421
88443 448
306276 270574
591753 129933
607243 607244
582115 585764
490914 490895
569684 438215
495161 463375
385009 379883
476128 473018
88395 442
345903 318569
430696 9
457505 450088
11754 568
490933 490979
460371 450149
352753 349672
538326 538162
434922 434894
385711 379887
383826 379835
37913 38382
450934 450615
32866 579
7199 7202
489608 489603
34615 34611
167381 164465
171890 171210
383494 379863
382761 379886
25596 568
274001 270566
230816 230841
372932 371000
492233 492203
176408 176416
334825 53618
88868 88875
456063 450624
432019 254456
136769 136771
480420 473026
445774 445494
590556 444264
501899 501852
19128 561
285975 270573
451329 451331
118860 118858
12833 581
488394 487394
228914 227964
88099 88062
532317 525034
116920 116922
390927 390924
229004 227803
234011 233907
181816 180971
146947 146946
252100 250193
382501 379856
68564 369121
232163 231864
197343 197344
107018 107001
457744 455511
585650 447019
93354 444
135216 135429
113593 423290
16716 572
492312 279521
301958 271340
454842 450624
487698 487400
131644 405402
239033 238738
79039 444
238502 237386
459714 450132
19210 19213
384994 379863
77671 77650
478868 478865
488214 489785
97004 97003
22481 568
371302 370700
385410 379876
480616 473047
497786 497714
299002 271340
597915 597938
278012 270944
627126 627076
368859 132864
463728 463725
175895 175897
208998 208997
165668 165453
549599 553835
473342 473313
24752 89
2404 206983
103636 97371
343676 330986
227153 226660
174203 174301
566950 566512
73832 73793
499025 499033
372741 53763
81631 468
13869 569
117457 117432
542058 540338
584975 69219
383596 379900
489959 489928
338117 318397
207250 207242
491398 1238
368799 68510
192213 162303
260762 260763
383310 379858
543560 543559
85129 448
389740 389739
226950 226653
37098 569
16903 580
7867 8182
236041 235954
299709 270574
386173 381862
624670 459036
603565 603560
359915 359916
489455 487374
441766 441780
491768 279522
207655 207658
25535 25527
382544 379856
514727 515420
376698 147972
447121 444125
256911 44
479904 479045
343299 329685
580895 69219
618926 459226
567217 567218
113593 113594
60675 60695
479354 473030
452916 450088
368106 368108
68009 188862
13579 13661
70234 70758
489659 489635
114617 962
320041 315981
236984 53610
28964 28991
447935 447934
480581 473038
404540 111327
489773 489759
480056 473059
587208 177899
86640 442
511892 512217
328212 324414
410221 408864
604060 444334
382511 382530
21370 21692
305411 305409
546523 546602
98760 468
90128 446
78346 78336
33401 581
633589 602854
255317 255318
23161 580
618421 459236
33042 33053
358277 358276
404285 404273
87390 87386
581373 447014
490902 486937
489484 489457
323902 315982
490550 490547
444665 444666
441551 441613
267971 266799
422472 53089
153876 153877
86641 445
619871 619874
121721 121666
100421 447
488027 488837
623222 623045
520428 520435
241415 239807
216053 212964
204917 203043
12769 12782
82181 476
399790 403257
273887 270566
488314 487394
466083 69223
487624 487398
479790 473072
44820 44817
371302 370675
100133 100134
368230 68802
497291 496776
286905 286906
126956 126953
76530 76533
122041 122134
261544 261499
128274 128273
612580 612576
12221 14762
228847 228821
247975 247915
202919 202926
40318 569
67675 2879
445512 445540
584334 584414
385392 379883
172159 172160
415924 138
530727 51172
618551 459206
146113 146058
576456 444300
496794 1238
358224 66106
7158 7624
12633 568
488556 488536
604460 444338
126963 126962
21695 21774
133521 51757
18917 18942
240436 239817
473288 473285
92900 442
250923 250071
237726 236999
257593 253735
489070 489027
585621 447014
567988 567435
103501 472
441539 441508
488889 488885
284729 284657
67755 67689
216928 216957
92471 473
558398 558108
119551 119500
82527 82501
564716 564720
585140 69223
177075 177154
384891 379856
404754 69682
490359 486927
96869 102618
69245 69250
287304 270566
491790 279524
394385 112560
524297 524325
598109 446733
77298 473
146091 114468
470835 471268
393898 90
186504 186503
283081 270566
62100 55267
270928 274057
36924 561
567447 53349
238560 237386
353564 353563
237671 211974
572870 572529
490928 279524
25808 26155
91672 449
86329 86335
131234 131233
296026 296020
501639 1251
332407 317361
585346 578785
