594601 594291
524034 295666
523077 523027
612926 612907
201538 202108
676198 475226
6203 6211
651840 495826
209652 209412
50818 50822
403763 403762
85420 85415
193672 194989
250135 249675
13057 13416
524093 524102
524073 519822
603378 461793
524564 524572
79543 79519
193712 194698
74920 497
231079 54091
94034 467
440631 117061
26252 586
272695 9
53569 53548
588570 586173
344863 344859
286982 290050
37944 593
272860 268625
5266 5268
21571 604
263224 54091
84104 473
662027 488695
293305 293308
607440 607445
114589 114631
504433 504291
638558 638576
348172 348173
60361 55881
479843 479875
37973 38587
470229 470237
65180 117
362162 333449
523829 523934
6065 6070
192538 190415
274577 274578
43417 45844
441254 441285
300676 300521
35025 35548
364160 340821
674773 674869
271205 118998
511383 504152
475586 475579
126567 126504
523467 523462
631324 473751
280832 279143
53634 53630
390044 54272
384083 384075
112959 69954
403314 65980
471927 463647
511050 504197
555849 555317
75117 75102
477534 477551
271931 271136
252605 252380
212370 212353
583860 583864
140173 139720
595717 595720
114319 113668
245728 245427
114967 114917
524860 519840
434965 434932
581195 581449
596975 596966
587629 587656
266853 265852
244288 243876
362760 334834
585213 585270
635474 632666
300198 300262
521018 520289
88300 501
607951 477516
524597 524621
329143 286728
182877 182892
99995 471
87597 494
69087 65133
25924 26497
271392 101
298257 287098
564493 51568
53201 53207
223193 223191
137658 69872
668394 668388
554676 554416
311154 287336
127928 47110
405374 400222
330859 287507
408342 47119
627441 70550
525455 525490
255589 255393
273531 51289
649968 649969
45448 597
169507 2662
670538 472647
295257 286715
511059 504145
105701 472
49122 47819
423680 423679
469469 469446
604758 475440
134232 134206
626524 475522
202884 1534
137699 135321
322555 322554
618464 475518
248745 224295
194431 193678
502316 502338
300241 287336
441437 441277
251783 251072
86060 498
105929 71489
525280 519842
644503 644921
299363 299400
521962 520287
489253 478818
493044 493046
52300 52306
525391 525422
75898 471
33404 594
626476 186941
346354 344911
526693 498831
511770 504164
595853 597065
3205 111
255865 253529
182464 182457
252744 252428
658884 654823
343653 343664
522498 522526
272155 71
81098 81100
346757 54099
214629 214541
100346 71944
387695 387852
164305 164281
100020 501
3273 5823
178431 1797
573483 51568
93998 492
25961 26453
578516 576728
489638 478828
242617 241434
271279 269819
309355 286614
352627 352625
510699 504175
524303 519826
62790 62787
56618 55310
90047 472
15161 15309
599911 599778
457266 456887
551962 549267
402391 402392
445061 47940
81106 471
55545 55556
523924 523786
644352 644343
34218 34326
445017 443963
141229 141230
272474 269039
87932 86698
523956 524000
251008 250682
87111 87098
315922 287429
176879 177594
523412 523480
267940 267619
470856 470855
627160 475467
259128 224168
592282 592275
229026 224168
521858 521853
517405 446345
36169 597
460239 51498
660367 662259
95993 96000
517827 1280
79672 79673
564271 51568
675856 472457
173044 70431
416164 415855
376054 376053
610847 610881
406252 400177
521184 520284
669521 406554
106469 496
190505 191086
512479 510673
595568 595413
79954 79939
199834 199867
556613 454001
460675 460670
624889 70551
400398 400206
263853 263839
245790 245440
369759 369310
295333 295316
15161 9
11029 11312
344284 344283
431734 431242
98784 98756
58731 57393
362527 337554
311677 287336
405758 400185
651640 651639
391586 54272
520735 520291
550734 550735
33382 33388
74974 498
292372 292374
62678 62684
442280 139252
43308 43268
32920 606
135248 52209
490900 490897
81600 498
295377 286607
84582 84578
157495 157494
34819 606
555501 555314
604874 475430
433180 433179
520538 520490
10233 605
521952 520274
98307 492
224840 224841
40106 40108
29725 30247
90682 90681
552144 552149
37968 37960
524682 524673
102874 471
44588 593
493517 493415
2035 2048
624804 186944
214533 52168
458193 458196
174664 174470
44827 44830
18064 18074
345348 339346
520623 520620
520470 521922
523419 523436
73897 73898
458649 67277
291291 291071
88603 88569
76423 469
135434 135526
227143 227144
492701 492708
520741 521843
403659 400171
626922 475464
586400 589990
556186 555317
381959 382008
28297 28356
132784 132785
137619 52280
104150 80407
97367 97337
22990 112
369715 369311
616614 616622
561572 558995
441735 441750
26657 26746
98392 474
24355 24884
79755 473
524804 524791
510947 510673
370096 370802
410739 186994
100155 100146
525584 519824
8186 593
532970 532969
500017 498905
99641 471
358493 341210
438673 184819
597999 472579
639189 639132
669373 669379
629238 70553
136112 135255
124341 124381
620138 70552
355746 364248
290953 286607
190358 190349
597238 472579
374190 373513
477520 477524
272181 53741
386993 386498
95277 467
403608 400222
47608 47732
524748 524750
511847 504161
88142 88141
321309 287429
523601 519832
511034 504151
271803 272357
429148 52181
242567 242292
471639 471178
489296 478815
287094 296951
73453 469
662288 662287
561515 561459
421772 421774
245688 245438
363644 341451
41817 597
545925 545637
347432 65066
220035 222750
530185 529960
71346 71344
28159 28131
524662 524694
169726 169724
303986 303980
277007 277006
24133 605
481865 479359
75593 75621
78138 497
229848 224168
432466 432483
511809 504148
405637 400188
524720 524759
613218 527674
661482 488682
504181 504187
31317 31386
531356 531359
220774 220779
285605 285717
420583 420662
141146 140923
228687 225112
662774 662747
79597 79644
205844 205842
248737 248172
570722 570712
45335 606
628828 605036
28514 604
32512 605
252815 252380
436789 168401
250073 249719
214320 135215
378992 50966
77486 77533
338388 357015
388123 52168
645274 645276
156282 156267
252758 252452
653295 473739
535892 535895
617264 627970
106128 498
249834 249675
476291 476297
17430 594
401934 400228
211890 211886
289603 289774
677042 677004
256362 226956
534568 1280
443631 139178
250442 54091
7399 7418
431369 430666
520448 295663
98069 494
43630 43633
42674 593
389778 52168
313244 313245
521433 295669
40228 40239
618953 617366
667667 667598
364955 365079
86080 86099
520856 520289
118834 118843
512681 504165
522671 520282
21121 21192
6852 586
477764 477856
240381 54091
637430 637663
626012 186942
512408 504168
57570 57398
384357 384364
597194 595413
406553 406544
597091 595884
649257 649248
32455 586
55297 55298
605532 53804
525931 519979
441619 115
216460 52181
247075 246547
389674 52172
214194 214179
403514 400228
521353 521221
621111 605046
234278 234196
610337 610340
89989 87592
125706 126249
105958 95016
625430 617683
136039 135728
575690 479167
38719 604
28480 586
525893 519996
195000 194999
13992 604
430136 52957
268949 271172
155851 155270
646724 646747
37990 38127
486278 478762
74099 101710
248542 226846
344512 54099
292839 292842
478586 478584
525134 525137
10901 593
521310 521228
119320 113797
458712 118747
385531 69552
596261 472579
324538 286615
182870 182874
609752 609748
616598 461147
374682 374672
178229 172088
252866 252375
561869 51568
521781 521757
119301 119300
558106 558221
100811 72028
72212 71510
102580 498
250064 249655
512106 504171
292426 292523
562783 51565
147661 147666
342854 338290
12421 111
224896 224900
319336 287429
174193 1797
95661 95607
90962 501
243298 241364
80999 474
618921 617363
520931 295667
253990 253551
269111 270837
259379 224168
215199 52178
135341 135321
240365 240062
675075 135368
361571 54099
223277 223206
273785 273757
660768 488707
6530 6712
321891 321877
537544 537540
604860 604859
100172 100130
45367 586
579669 579716
645470 472499
248571 248190
611733 611729
254181 253568
123038 123199
519841 523245
497398 497353
83103 469
317103 286607
271828 269072
219952 52334
627286 70550
124214 124316
645799 272739
3747 604
591034 591033
182607 178801
11603 586
531931 1280
34354 593
219358 219359
94007 473
428971 52270
391135 391139
357557 335519
522219 522235
334384 54099
105871 501
611742 611727
540490 55551
271797 269766
251234 251073
30442 594
26833 26811
511422 504165
74329 74344
524509 295670
571508 51563
624980 70552
523909 523887
391313 391306
619082 619094
251879 250679
435809 435757
17957 605
626593 475467
391399 391402
391737 54272
558683 558693
267560 265214
38685 39312
525501 525528
293359 286715
92160 493
235540 224168
661541 488679
446635 52056
644298 644291
524625 524598
404408 400202
402165 400217
44293 605
313744 313749
272216 136
537966 471151
255217 253582
6045 6044
645591 472503
108750 108754
241896 241703
523848 523859
299655 299664
561186 561184
290559 290612
641765 473191
117148 51111
478263 478212
59480 59481
286429 286428
469751 469690
75439 75449
41488 604
84889 471
469674 469644
186145 52565
182532 182409
101204 72102
569997 569968
271395 83
33710 597
479477 478762
448418 2249
79935 473
660993 488677
435144 434949
100029 100033
135832 52179
411604 411634
3928 597
457897 188
523968 524008
521106 522682
499121 498931
50960 9
520638 520272
617072 617059
230318 230245
448048 47927
261531 224168
578083 578085
97932 498
605344 53796
112214 70247
340764 54099
604179 604176
661443 488661
638457 638052
524967 525005
620602 619805
562158 559986
119718 1731
511838 504153
112871 70106
377751 377760
369831 472991
490120 478839
6842 604
524809 519828
501850 501773
378883 380196
602367 602423
477838 470497
1927 415367
409786 409949
41483 41485
489325 478871
4793 605
3259 4864
523206 525352
38180 593
194512 194513
195210 196717
408559 54579
405969 400215
27951 112
314134 314136
250109 249644
404078 400202
545741 543159
203068 169675
371906 186585
91825 473
489980 478835
476898 476204
173713 173725
520588 520500
486072 479359
646407 472500
572310 558845
16689 606
331723 331634
489406 478811
135475 52192
7939 604
524070 524023
246286 243911
101672 101638
597255 596430
302597 302596
135585 52206
246813 246550
251298 250700
208076 204311
116111 176612
280890 280891
405934 400164
402738 400222
250137 249676
225038 226671
134678 134677
490282 478821
517048 446355
123688 123686
69686 167991
449227 140785
11822 11891
546191 546198
355614 336029
489513 488648
522256 520278
438124 113
255978 255456
86016 473
254088 253574
497427 497315
16530 605
1741 1478
97491 501
511866 504146
523879 523784
100681 71975
25177 586
403336 400165
414427 182440
520478 520535
564530 564312
352892 353646
650875 650802
318674 286615
670626 670357
402461 400222
511072 504178
445033 272689
232751 232735
190477 191719
610317 610318
511609 504148
26724 26722
468955 445284
75383 493
373281 370825
245872 245451
200816 361
616002 616003
116668 117073
661067 488670
403692 400219
112618 70130
9314 9360
137915 52168
605428 605976
631930 272727
407049 54578
524573 519827
361567 348228
231602 231560
530391 529940
400390 400222
221881 222113
299978 299979
402595 406517
182168 605597
81239 472
426220 426181
245869 245471
40965 112
11636 586
5763 606
252543 252420
352967 352968
422981 421662
670535 472673
660563 488686
388107 388178
523742 523616
479360 478762
496855 535788
231839 231796
27688 112
405785 400225
582132 581826
404570 400216
617997 618017
297092 297098
521576 521571
376840 376839
628188 70553
488490 488493
186991 617002
116643 448442
59958 54646
512030 504161
489501 478830
155209 397261
216010 52177
9273 593
78843 473
523336 295666
453922 454004
369066 370085
252893 252379
32957 606
488917 488916
520495 520481
169431 1534
523285 295661
520406 520428
640478 640473
100368 498
578697 576825
367025 367067
441466 441247
654777 654776
405809 65980
24285 24822
340075 340076
607408 465980
101363 101367
92718 494
85031 467
36982 9
676857 135362
294611 294614
25249 25699
667618 488498
35872 36323
385366 385369
437056 9
78240 497
639987 639986
525276 525259
523633 525215
373927 9
519766 295664
480836 479346
473636 53816
311556 311555
174821 53491
181907 181839
121500 121534
669058 669064
141593 141863
113932 113911
523517 523496
668860 406570
585681 585733
268043 267578
236793 54091
230108 54091
7853 111
72773 86293
168990 53636
315057 315043
524065 524107
626939 186939
522164 522206
514864 514655
46921 112
403368 400216
75006 102280
113023 395392
564532 564416
332484 332485
152043 116702
81379 81381
143745 143746
300664 300663
155110 155148
662124 488703
10018 606
244190 244198
271414 100
423821 423707
40344 42499
69122 69130
484246 479337
629113 70551
414721 117629
198430 198172
471698 471701
598043 598211
667608 488529
175202 175140
620342 475467
568354 568120
385384 69562
5194 111
7107 594
523070 523057
488682 660382
150206 150204
24175 24195
439898 439897
15628 593
262550 262615
511578 504203
90601 90555
275800 275726
253232 226893
289940 289933
523897 295665
517086 446354
618242 70552
80499 80425
479379 478758
523835 519829
347433 9
72394 71534
240030 237350
95868 95878
612719 612696
139964 140169
122424 122527
613067 527679
636272 632796
201554 1534
416271 416272
437554 111191
530373 529974
89289 89288
77226 471
333311 9
461179 461172
430646 431205
593531 593550
648855 119024
80881 472
175105 175106
511506 504163
429114 135485
214708 214220
286721 288652
60155 59961
312414 312416
40116 597
617711 617707
254829 253546
383043 110431
253007 252420
622133 622174
525237 523613
28238 28796
94668 473
90393 493
155864 155255
349608 9
661928 488674
352048 352918
644077 644064
