405212 209416
311799 111936
258837 253218
251024 355282
257709 225484
215742 61766
347134 133059
131187 25782
90625 407025
340802 316023
345754 335481
369194 350164
349192 94856
247328 278117
210325 353172
235535 357928
337308 289406
52591 87792
63832 160861
115310 399354
85651 95086
134093 290539
381268 137179
312546 311593
46627 76312
373296 257979
339831 163008
350837 396431
177854 222582
143781 109902
55838 25103
343235 23877
321781 369548
59247 399660
174186 399660
56044 29394
226345 4342
361433 340040
107283 245214
365730 260890
334622 299016
276071 242624
71539 326921
97102 407714
291065 342102
92722 21279
53148 91182
193268 308688
255799 6142
205965 190874
14237 228350
312919 225429
66163 5336
311682 360083
304581 184038
189409 190726
287655 9784
34362 400292
11780 109902
262152 17599
105451 366872
191972 201998
268478 334805
153660 4342
168151 344450
171798 288985
128715 163258
158029 311593
321361 379044
167972 269993
250535 345960
345842 4760
159412 139462
213996 135611
391467 410623
221882 151623
67415 381504
14609 254773
307172 326633
238269 147438
186235 369218
68143 345960
40188 375928
273326 5775
107799 163008
241581 311593
48888 204255
360696 385268
340580 369953
333264 361763
294460 360097
286054 327129
167244 173144
50553 407714
223445 130544
118834 341295
48093 123768
181006 229121
308590 297336
380438 329577
205356 137858
46562 289208
220222 73049
10145 201660
296536 30406
240102 149130
353921 26316
222269 183662
237451 20001
403779 124279
351245 351558
104390 302603
82239 311593
71810 263045
2518 24260
120485 37562
41601 383852
390845 133535
372040 253855
188284 163008
9941 410794
295323 355721
189487 375988
304970 256400
283820 270163
205302 145697
379627 70596
384965 352216
28511 379491
145654 160549
248369 383852
216406 218124
2674 192072
122871 49857
297450 178291
379760 297336
181087 337742
224735 94872
250068 297336
222396 82548
350456 410794
202564 327129
45759 162532
197332 329018
16008 75161
234024 55617
369887 390846
197674 4342
343391 399354
211555 380724
406179 20836
343022 246432
385818 284522
2532 164027
119879 132539
11659 372531
143479 353634
37516 345960
406168 12410
305322 337742
120979 407714
285760 212043
108646 316074
373280 167602
53961 305953
98002 148342
346055 174619
159722 326459
98564 44897
386920 170991
34024 191880
78899 327129
129335 395838
395021 207424
275707 237231
66011 91818
368982 6961
99971 184953
240771 211446
84291 372531
57316 273336
409258 251112
324695 278877
124228 256372
145683 409069
333013 213582
343160 86549
46990 333320
81761 296197
124172 407714
207750 184024
108872 178412
315116 407005
143598 75313
332069 335661
376745 399660
189071 11564
294858 347471
118648 16290
298625 387048
193651 335803
196815 383852
190057 384674
53569 39324
239534 20836
230639 399660
187541 371368
306889 4342
446 177454
236558 59847
47645 364232
263454 256510
225234 190447
94649 237767
54825 9827
43800 284522
253965 43787
173345 368166
223093 119767
210437 230297
185874 348868
33085 264582
60668 154949
382457 308692
317880 256372
197824 132291
203977 251353
74615 4342
125858 198627
342154 312408
254865 333060
216026 84865
15732 230706
90525 1432
77721 269993
368635 11937
257695 136897
39534 356590
196360 253486
213497 345960
52169 159013
394563 90409
360882 3654
349549 326591
383379 83955
266810 243441
366120 202239
332980 258078
281531 40903
183765 55704
226723 65036
181115 219765
166896 211958
376411 91182
23609 399660
264772 359478
318855 220685
211045 267115
331466 177015
239441 324482
76325 377895
263033 360592
243673 385828
176028 354940
117858 305994
37540 141954
361055 91182
157330 345960
6257 328891
127229 91182
213642 76981
411093 360014
180788 177015
191773 240654
157643 146676
390507 57299
246090 70771
133083 102851
272432 399354
8355 4212
391449 2737
350838 65556
187820 404491
359792 394508
264213 22544
224874 295835
212417 383852
191500 353075
18736 372531
33127 367809
195510 235930
121113 54060
45388 256372
392610 301665
405876 311593
215377 337127
35955 358069
216540 42878
144315 334694
189741 387456
126639 332325
298471 140316
234388 340218
338817 4212
308809 257938
37340 404111
405557 245522
228755 267808
143619 105094
299314 327394
80730 307952
191850 301819
52259 190447
42523 297336
150446 359744
52707 146676
222988 374740
260324 240335
288252 337742
139890 226164
131749 336766
49029 229960
41805 93218
85485 362481
248669 4342
68755 384545
170288 200516
58345 376689
279795 109902
51055 114600
271394 216809
307883 219415
402610 258841
21735 250307
120393 177015
164300 4342
370623 395485
211529 312091
49695 166685
123584 362031
33322 229607
94189 316980
22526 177015
226132 276282
402779 135611
240471 297336
385569 407714
188178 172255
320408 334518
3771 369472
68168 98120
83562 149638
256938 190447
173879 399354
218428 36850
81919 184714
341460 104392
168653 86061
308462 110620
166015 351505
377739 402456
335059 86601
187902 380288
382466 379402
112298 16973
222350 256372
276748 188798
35118 82095
13113 163258
340433 285627
160167 355753
245041 379654
204206 327129
143843 345135
127264 333226
112969 90223
107377 126922
249703 29585
404363 231742
111433 314453
339115 6376
185491 328283
405409 379393
99970 166515
191893 177015
69770 16195
275630 72472
84135 230440
277790 284373
148612 297336
145587 399660
141634 125833
240075 267520
250664 269224
111118 284685
211504 91182
164447 114833
152388 240261
173681 101153
5074 278482
172839 408206
69959 101115
204554 403831
227787 118680
68773 89690
319616 311214
350406 395839
7332 78775
86730 323742
21159 201513
340771 100815
293862 240654
369225 179836
264582 94224
351051 101548
175527 324480
300542 386864
324484 56083
406018 320935
227542 99816
47040 122311
128173 372531
59253 108380
365083 264666
19760 196077
310179 252522
172206 13773
240568 269993
41844 236627
301686 216675
311455 398046
218733 23832
239891 130020
159722 373178
229608 8976
372772 248232
378503 36850
16242 168434
202010 31078
369886 325449
128344 183527
299959 195849
187770 186480
161930 104392
36678 192675
379858 154962
360750 253218
29222 289737
386660 108285
9665 399660
289033 41220
366395 293492
169 345960
323434 87439
259595 384342
202369 269993
390495 226320
107031 63517
132149 399660
3569 176777
6517 326870
59226 109902
344241 267374
53274 392502
128174 311593
77882 258962
348643 371570
7357 256372
408199 4212
367784 49857
316428 37101
223781 235417
44410 308277
368611 90409
328884 69932
254493 303326
27488 334312
137609 158364
304143 12384
357719 159388
349557 256372
172920 29101
16529 41764
315276 359158
211877 6232
197892 229706
208674 101913
161334 281290
225290 170132
237166 22833
352772 291823
341015 100989
97558 315071
368635 400681
115708 335661
255273 399354
75359 399354
189783 180151
357375 155201
112349 251112
219805 372531
283303 4212
244543 296625
286926 386771
132809 386801
273029 345135
125940 407370
364217 4342
59585 86394
183575 394662
294896 264293
285666 99658
353804 87942
320508 367170
364408 68926
71624 209322
349038 160542
378439 372531
302477 15466
132808 107205
143226 366275
143836 355823
277855 396163
45741 138444
306897 225371
216794 196418
278335 13847
264336 269993
184285 20980
364299 19152
8893 208604
60668 334878
192261 340565
326777 23384
274346 317559
89440 232359
205160 93602
329269 332740
268021 267262
37853 91265
405133 333060
175636 141550
245944 371356
202582 177015
53768 369785
33023 407714
139666 259021
19114 2572
70049 283738
109750 24538
266391 115434
165018 410794
19694 209315
263471 319146
107550 366872
383228 220130
119204 326896
371533 194341
265214 352282
38151 338980
115582 407714
44978 38039
236151 247404
179206 166165
161339 12542
343006 407714
398561 14633
310655 256370
44467 99452
227706 399660
74765 391992
93229 59254
349924 351747
114245 11937
79458 296770
222925 365806
225558 164791
257572 201998
178437 405455
294060 75161
328996 193316
372486 229706
206966 196418
286815 190447
301796 277789
129564 177015
271217 257198
238049 86392
44788 331186
51769 205037
168527 399660
151351 408556
247313 311593
320777 220685
101045 87271
146035 207424
81987 228350
119199 216822
257595 345960
303413 252545
82906 318716
243871 56230
29847 30913
186941 177015
200987 91182
197763 135630
124469 240261
141809 331492
115500 255890
235872 337742
293290 256457
18007 290307
118835 308277
9248 297397
298142 347313
218272 216615
133139 312772
101168 251284
250012 177818
202970 28599
26719 282639
378835 177015
339379 233000
308550 95372
375536 402789
304562 406603
279396 77284
64819 200568
49297 263006
142553 50051
372834 63808
304171 280366
12338 275228
1009 92857
252659 248759
194096 210584
118766 264145
322598 399660
356305 371991
341472 237944
259508 333226
330108 392502
275312 362523
376191 31260
321506 130411
241041 349364
22200 116347
268007 49857
272464 302040
86695 127725
200036 390241
295820 105094
392892 335254
231503 102851
90378 219007
221586 279854
308058 345135
292665 311593
95326 132376
165929 196056
351085 256372
390881 279094
65328 343923
17943 312408
160641 246726
69006 264320
78741 250307
2869 365379
9577 57655
331445 26513
193046 297814
27014 17012
367341 133809
304943 109415
395510 173826
207328 309762
21937 114600
213358 387510
155566 391611
244004 360519
140424 355636
296469 250307
195882 179913
390526 297336
154504 184714
156079 152278
7274 379303
21332 20821
362688 246740
314375 57343
274585 244873
60575 139858
375733 210366
205332 96084
244391 118984
94365 287007
346452 146676
177813 186569
140254 257931
349200 261087
176082 136422
329714 177508
114015 9110
124590 377224
265094 341859
82143 372531
344726 327081
242008 91182
344785 256372
177714 63167
384590 168114
129695 33092
254342 374086
202227 132797
360259 158421
100040 243761
130645 75161
163691 389064
345956 342096
8160 14633
34365 241184
186691 109902
314099 383852
369739 332770
124533 10740
264012 6273
17130 237569
134979 295918
89588 322994
51425 251112
114012 177015
240995 264629
61416 293719
306273 184953
180767 101838
114104 3932
42479 355284
284754 399354
350272 142794
61971 378736
139130 345135
5489 86069
402911 30913
381087 157089
306174 132617
206765 372899
161967 320522
329299 248881
22560 88443
308526 52643
304312 184456
113847 332770
112772 303450
312987 311593
280531 345960
258649 65092
298607 328867
201812 253218
124622 343732
67883 352791
337605 306954
181602 39065
176106 269887
270159 257070
14689 77649
218059 89606
110209 269137
344829 334939
396600 184953
89419 267262
257263 53412
385205 250307
83407 318275
331447 126943
199486 48750
136037 371671
123349 111147
207002 407714
399633 363684
343003 75161
388150 17599
354206 45932
235913 201998
79843 251728
67079 197575
342751 98721
226973 82639
257556 345682
119303 91182
345884 179835
58043 136278
304754 249102
258656 148145
306619 321124
83735 65568
309069 297336
295371 246726
102877 372686
316422 383852
303146 4212
203506 76087
251770 17142
216224 234032
120751 364439
39183 304444
346050 407714
232391 358019
39197 45796
76906 115078
40083 194637
298053 102042
14129 39567
225042 100451
326753 410816
216401 307328
187376 194671
297952 256372
55140 18913
113378 125947
307172 386498
107985 207424
297390 192072
281726 190645
389646 144880
329928 197400
80036 401674
135676 112308
103389 313944
376635 166603
133852 366714
158118 247382
75349 355636
81300 35316
35463 296312
65157 315741
186848 404827
345139 189242
200526 280353
179830 52156
250621 67360
344138 40700
407127 372531
381065 32457
72800 68193
168433 269993
317499 238359
101596 177015
176334 65493
194893 188798
3375 142926
133506 360173
398514 327129
76923 146534
172111 177304
339241 111363
168484 341585
141809 5233
136829 229121
313737 4013
27945 58188
322535 317053
192091 402707
2377 182856
23788 93481
108842 60215
177600 372531
109844 184714
89448 222189
303270 383852
28058 297336
105074 293727
145734 177015
350033 221143
201020 359274
150730 315948
282752 314453
184238 399660
255897 68195
63654 157001
171859 349052
345102 248848
382198 14361
305753 122745
181256 30519
410728 339137
1512 218501
132283 283465
99216 273687
31879 219291
277156 232812
128174 209708
33089 83030
193156 383852
26845 184953
253313 254113
112091 216851
390560 243510
282419 112973
26340 304562
236766 319011
873 4697
60171 158610
252992 5899
147987 75161
399989 357306
202403 224305
1457 173890
314074 121884
108501 91182
224814 158810
359588 190447
397344 151525
3617 101335
20579 267523
364746 399354
149372 395838
241558 93712
135223 278839
151838 299016
54803 225568
165165 6885
304582 284297
22120 344732
63703 377224
327650 91182
357084 50979
26459 388481
146276 98184
2145 377224
127294 163008
38951 278482
22837 134245
37317 278800
21393 141780
198075 355282
152269 390286
311785 23138
369773 399660
348440 16417
279055 205454
237299 51579
211164 184953
165850 177015
106357 113357
208889 263761
328086 327129
369131 279482
118379 297336
278507 263003
23743 246619
404588 44651
112966 97566
322804 201824
182419 2705
286939 184953
387778 38148
353689 205930
19262 407714
55536 265358
322536 215756
238981 399354
21889 348628
300612 311593
383941 303844
395683 361374
288 341295
230393 177310
183950 192072
253379 26054
184361 353718
404644 297336
383043 247994
243621 105433
352585 243926
160512 192072
256581 158793
60010 139163
342700 184953
305553 289939
13972 144639
378438 377224
57748 8591
38030 178587
343075 399660
19087 407714
31664 399660
335274 98565
46449 38465
399563 214054
38073 270020
376122 57343
397765 148560
58104 108798
35017 262175
259124 405676
221959 212810
223130 207424
377434 225568
93770 109902
87134 171497
