136280 71902
54615 43655
73099 50239
84586 86064
35201 126320
114075 77797
67604 52497
40106 12635
119650 94559
18140 92770
32227 86955
115135 3240
75049 118130
76843 98823
20014 126519
64708 89722
21849 37534
129272 48065
128414 32666
109726 3240
32216 119038
55264 67083
104845 1655
69125 3240
34615 58523
41923 63633
59856 7512
90407 27992
128203 31539
45434 23306
62238 94679
135610 52497
114203 98823
134042 126519
14636 126519
136089 62838
65171 98515
94847 49795
67233 98823
95241 68962
126665 3240
7008 115536
41669 104754
70516 97471
111889 131189
127415 107110
120699 52497
24056 82789
77305 27992
133145 83631
22388 85200
78499 126519
89325 20919
21519 17038
99433 52497
38256 121696
95152 98823
102014 52497
95429 71054
116886 302
17348 80633
23893 4192
129569 125795
108848 67083
9621 51678
68918 102807
109802 47764
120682 8261
75868 93578
33414 53957
67603 98515
4212 38590
18822 102109
112129 82760
91033 125337
110986 98515
107968 118212
45645 132070
123151 98823
45093 51987
105361 11492
26119 25166
92463 71902
91900 98515
28315 36391
80844 64146
126561 129069
59752 130105
76430 79145
109604 116631
90143 118973
44418 97866
37577 76505
45011 23306
105407 101063
101652 121238
116356 117205
87767 39566
102861 20011
38041 135946
114777 51678
95059 53401
4470 99951
878 98515
135582 103343
51029 73444
127647 126519
30432 94825
111607 98823
56071 128757
68097 20890
90985 102287
16095 7565
88887 134442
29471 74565
67432 98823
78675 9276
105747 33346
30934 81474
65460 99784
71935 56180
71511 78551
11703 98823
21519 23321
87367 122996
5531 52497
123502 98515
65455 13834
94246 83849
127108 29378
34654 58783
132883 94148
100643 99784
76004 62035
73902 82482
128350 9276
121624 36981
3422 125700
109119 67083
121267 98544
118492 19123
39527 44387
115516 130105
130328 17862
50811 124056
111823 6376
25822 66731
87850 67083
3629 9276
62907 121900
10653 101225
35097 98823
53271 136140
87893 44049
30675 134034
95443 103965
119128 78551
88868 3240
84025 52497
127624 12181
85768 86548
93604 93129
92127 29094
102221 116431
103059 135412
79173 18975
135041 133895
45101 130297
45516 83400
108442 80190
78439 30043
50802 81298
99495 61103
119533 86665
121514 89637
65967 109940
9496 84598
117133 98515
91978 98515
129049 126519
103213 129080
19371 133909
51243 3240
119805 81187
13163 125694
62371 23141
96802 23451
76890 98823
127897 110217
5561 44443
96393 106289
42744 9621
78261 131670
101124 25
26463 3115
78983 52497
101139 94838
130859 111647
103724 61576
118863 119038
32234 59856
77658 67083
68086 101855
33173 22388
46511 15711
50369 127261
57952 58532
89347 98515
18552 54157
95754 68120
17682 98337
3165 11803
97019 67083
114240 2734
95831 69541
131389 73739
29146 128450
53050 98832
127885 17969
35703 47964
54260 71902
15098 85226
57486 28506
9081 19128
70926 24987
59242 122036
53640 12635
59833 3240
123375 16950
15432 9276
85048 31546
84610 13834
101343 45043
32401 123579
111074 101523
74491 102406
55876 12259
86668 31365
102183 15892
101100 98515
4982 111727
121990 4592
91525 73241
350 38038
120032 42863
20305 27161
33618 94681
50439 91051
68556 43350
4896 24441
136903 36391
18183 29658
70794 63202
37499 126519
1576 52497
84601 101749
111156 18379
56040 67083
72961 70529
87561 129410
66283 29625
107086 123579
84766 29312
57094 134488
78098 63359
33326 30164
86181 97516
51993 67083
37436 39721
7839 83618
17455 38931
125567 52497
127359 126519
53455 132648
85374 77664
42000 35678
24542 44880
119238 69814
61487 9276
40873 32270
286 7229
57963 126381
42093 13337
27097 108874
133629 26607
68217 66286
91018 67083
91524 1337
115810 126519
106870 52497
122387 68067
6110 114694
18386 129360
64596 22692
23929 9276
34641 52497
31397 134034
61894 64448
114829 42772
11295 43555
74381 34857
7352 22191
85261 52497
4525 121744
93644 2039
134563 60112
132298 33404
129114 44039
31869 118981
134453 87632
120083 101708
1769 94556
126072 122042
92445 36183
23442 47964
39020 23141
6374 83426
401 52614
97181 80119
59030 129738
50417 74565
86731 100024
126947 126519
48764 3240
97146 67083
124065 98515
102566 87686
109235 52497
88435 15728
45919 19427
4871 92465
108986 41841
36681 52497
134493 65035
104890 116093
71728 68312
91498 29804
86084 34239
3821 111962
80954 99784
82584 90646
79449 136045
18698 52497
39027 35838
42173 42393
90657 41891
122636 93010
37119 53017
105946 17992
12436 121238
46471 14706
7486 6646
51044 67083
54802 79367
52339 87734
45624 14806
87005 123992
17013 95836
8778 35284
121165 122383
70084 43882
108358 112788
12527 23306
5277 67083
49965 12259
28707 126519
52482 101745
105091 49321
9302 68120
130298 44664
94328 12657
67831 113673
81963 71571
124172 30450
118306 23451
101491 102109
87893 106755
106459 83849
66466 45074
40379 95645
126428 76611
70729 12259
105016 8285
117794 91969
24688 52497
112794 123271
91488 83588
23335 106065
114330 35856
49306 98515
85799 52497
64596 106805
53664 67083
117642 11188
17276 12917
76144 96043
127415 42298
3127 98515
2518 67083
85226 15098
116911 128362
92127 49321
30184 12259
46404 51678
64176 86064
7648 2750
27645 34239
11962 47116
128039 104938
125288 36948
110918 120444
80750 19064
16001 9276
43593 31278
46343 45043
84154 3240
58301 80305
107699 52637
52782 6512
74963 52497
1375 37498
39400 97515
67917 126519
127965 84476
6399 13772
73360 98823
24961 18696
61868 52085
4979 9276
51673 135122
58711 4501
117581 68271
80907 3240
71651 92042
126602 122996
83462 9629
81208 121467
74840 94926
82744 98506
105347 43882
4984 126519
104790 60131
12141 111448
70390 127213
125732 88640
121541 63112
45048 118388
61330 68903
15614 90005
17238 126519
96024 126509
5509 40754
89399 111331
4716 225
111739 52497
79696 9523
41112 84677
76362 98985
116934 126519
58139 66576
90398 72880
21490 76060
103737 9276
89559 132220
7151 67083
102023 19128
24819 101745
123495 58042
50217 52497
23807 59634
104590 119038
110053 90538
23941 17404
11644 29838
27773 51076
33414 23306
131636 89003
54286 90634
101104 10977
109387 8135
3039 89683
84102 45455
9717 127560
53796 35555
34730 4744
75094 51096
63852 98823
93593 111591
78625 29951
53384 12259
1600 98667
68084 118428
94984 10434
46699 64067
64696 98515
99766 67083
135450 67083
61959 40719
12011 3240
73025 68028
64045 38936
132829 126519
6866 106180
11938 47555
71747 131093
36861 81425
112764 19017
125775 98515
90135 87798
69246 126519
69279 98262
24193 98515
118835 98823
68612 41038
10768 88457
33276 23141
122403 31587
92593 126519
53415 14938
129078 83009
5326 36443
70345 107629
90582 71902
80896 98544
77808 5375
20521 3591
78127 94073
102254 135292
14970 12698
2063 134814
5305 93407
19522 136016
100436 391
38726 27123
58196 3240
21688 127257
133174 22268
81237 98823
133381 91937
22130 20947
13267 75104
41595 64078
91844 91392
50155 105605
82375 61011
11547 2734
28330 34676
593 44515
4613 94556
73031 104231
103734 67083
17344 66576
90740 94605
82359 5619
84694 44869
810 38867
51285 8848
94856 93745
20224 83478
59972 131191
123653 106735
61944 103703
97026 47764
69176 121416
14194 52497
36583 11213
95298 84910
48572 19123
30690 98515
11096 126519
85258 37524
82637 68271
125888 84236
16762 119696
43473 67608
45554 67083
21177 101745
74429 62951
64396 98515
117823 2734
2277 79098
64324 89982
57664 129244
101415 118910
53905 68271
98825 103059
6214 48256
11280 98034
19894 101053
136319 115033
55844 78363
39225 55573
56072 9276
9219 61042
30026 71936
106070 5661
125903 28590
16660 96473
124743 98515
118458 75440
129552 63126
103817 121925
18697 103132
36683 55571
22683 17577
40191 113181
85316 3208
74398 53364
59891 105066
72162 102804
108035 63329
77086 57327
29945 86064
65508 98823
10609 20890
10579 126519
112768 5969
44616 118005
83698 78896
124772 34255
68072 11323
18299 126519
11399 116555
5479 20947
56541 98515
28542 94984
108587 8275
68374 61330
45502 99699
55405 128405
10951 12259
62523 130105
67315 121063
104840 3403
21546 121925
12869 69887
55075 83784
107126 10468
54723 10980
41602 92117
44060 130105
72136 22388
56342 69461
89944 63860
11062 88457
36070 63186
89089 97563
29645 16549
86126 40988
24344 59422
127611 35258
58950 75705
44820 126519
11122 91704
53680 12858
72754 71717
41553 123579
44272 99411
45205 47338
105365 116426
126271 52497
118177 65268
38839 24854
12833 9276
38119 45043
100572 85237
57277 98515
34459 82734
36341 134665
19528 52497
15143 117964
129019 47812
10076 5509
116327 134034
93372 72795
40740 133148
118343 91051
25651 57699
22788 107360
79324 73175
109772 10754
110629 67083
20525 11341
98975 7782
111989 13479
55904 45043
132509 45043
114818 69111
122312 135414
122419 86064
29676 24131
32658 52614
15057 128217
81991 67083
11712 126227
117775 102109
56257 23141
21882 52497
87148 112796
98701 134034
106387 23306
93171 100343
37093 62426
76806 12259
101609 123579
108209 50332
63110 51278
86758 126519
37953 52497
111312 133582
127313 126519
85697 115492
112159 21819
50349 12259
63986 123579
90413 126519
110316 46316
136434 98823
134991 123579
132202 118064
15611 88014
12745 27973
5957 9276
68283 23141
38160 118537
99777 14363
4438 105091
11376 102545
15689 68271
117825 105097
65746 52497
30934 134857
116288 130971
41019 3240
119729 52497
21849 9693
134079 98823
86593 9276
11503 115971
117642 61667
74031 68713
41138 98823
18697 92844
102187 80305
48037 41565
51875 21974
72426 33346
7260 133346
131805 98823
37611 56733
56757 9276
110599 23141
43405 31773
42236 98515
48997 9276
115898 79524
86944 126519
34809 129749
75806 54322
40797 23141
88900 37534
51268 130105
19095 127157
40737 107977
107378 89874
92845 71744
33860 126519
89741 57298
33138 3502
95151 133148
93289 50989
76054 5522
30578 18099
102154 19064
132995 123579
27946 29838
91341 121431
92590 9786
29656 77324
2439 126461
38904 7161
43601 121470
2258 125580
55867 58532
79967 124250
80281 1645
74926 68313
60112 29838
103904 127647
72299 106812
46245 9276
104275 7114
56596 58615
134036 109767
56668 19123
66229 9276
108045 12635
31599 57298
73612 98515
93926 126519
51650 9276
60439 68962
10249 41228
102261 33346
39245 73129
76434 126449
109485 64274
34374 128039
45060 119038
44664 123003
75924 98823
24741 19064
68637 32648
125129 15587
131056 124749
129188 36391
78266 106253
118068 106925
136050 87665
63632 92844
114002 97470
5256 99784
68230 38409
128021 18781
38838 93205
16239 7859
31641 132099
51237 115033
110967 34526
118676 126519
2130 86955
78323 79145
36772 52614
58195 66576
89649 35565
97451 81909
117219 23306
68810 29649
60236 67114
32597 66576
4144 27992
103629 83618
18027 29094
11833 42994
93638 99592
49621 20452
86370 29088
40854 98515
21290 49550
58209 105406
131192 23306
3258 42410
18917 50516
100343 109725
126222 128217
70829 104206
34056 53364
104534 108874
79552 27146
91887 96445
128107 57852
134358 94853
99233 121592
132197 122996
97267 33346
67599 126519
119665 21940
75242 122963
28666 3240
21364 24011
117457 67083
21019 28716
126810 65993
71869 39721
71444 126519
4165 41406
86758 105257
28387 23306
46848 57278
12648 59505
91435 22753
97203 75589
103990 129114
103930 23306
32639 78551
96583 6475
63750 7944
9826 131763
107360 59856
36421 128159
92672 67083
44938 129291
134208 98515
63479 9276
98337 66286
101968 91171
9654 97118
113485 13896
66614 114934
941 40720
29901 126519
37174 93657
30016 119038
28662 90046
86144 28186
95532 113961
30810 101745
65887 114265
129423 52497
65562 86955
90396 126208
31229 40576
120240 60715
119649 14266
9158 98515
87361 98515
124690 53202
4294 98823
37871 3240
41609 77324
110001 72298
77141 43160
97833 59730
108568 68713
100361 126519
107793 24022
89259 79275
135991 121017
93224 99784
7669 72795
92657 45098
8638 60580
118034 95640
70976 64709
71720 78501
44318 59290
20058 23306
44774 126519
108225 126519
124824 89870
23270 2750
34979 3240
47188 38033
92300 71685
37556 102570
92638 134669
123405 63254
42930 131759
18473 222
102940 132073
32135 19847
42395 53364
87907 105633
95885 66576
97365 27435
40155 112591
113754 27783
103419 25174
70290 85916
62611 57278
4672 40538
116443 25000
29861 9276
81135 67083
103761 86064
122438 69111
130804 13667
17567 57298
75210 43826
12004 61877
66742 67083
18843 108776
44569 63208
128216 22459
65073 10456
35265 57012
77116 121416
130671 9276
116553 51648
130609 112915
127693 24376
46844 51987
8454 2734
91240 83618
63131 53558
117810 61111
58806 66576
63726 96558
103281 10346
88258 132926
89162 90486
83671 30266
53903 134044
21949 129115
82633 57837
43180 67083
36549 25174
12278 56291
98492 120705
91602 23403
