573030 51593
527414 297299
527168 525107
604320 604327
217276 215357
682680 476516
6452 6451
119704 653520
218657 2071
46315 46390
404174 66053
77428 77410
201740 53165
250010 249583
16057 16520
527413 525115
527238 527280
585200 585174
528563 530074
106913 87595
201594 201562
101908 495
241721 241452
88081 472
443052 442827
24340 24855
449424 449391
117538 47960
569342 569335
340618 336130
274435 271339
35184 9
228303 225465
4059 597
21418 597
256378 254940
89967 89931
666408 492824
273429 270581
595703 595698
83111 83076
512588 508977
623891 187835
349093 349127
57394 56008
493204 482964
37517 37545
475280 475300
117603 47959
349822 54138
527974 528025
6657 9
197373 197455
269714 269130
43372 589
443394 443398
298516 298517
34468 609
356390 356388
679698 119651
257329 256829
515590 508669
591316 591462
113124 70288
528933 528873
633260 70698
107871 107714
168231 168194
392880 54316
375591 371761
94923 475
399291 399277
480343 480353
515508 508664
544190 544191
83257 504
484617 483455
269636 269141
251489 251051
219628 219652
567811 567860
138814 138816
574254 568123
93177 473
245897 225666
90619 477
529530 529526
434569 434640
567238 51590
564454 564421
568850 568858
256788 254970
245074 244709
352429 339491
568342 51593
631074 613797
304216 288238
525505 525496
79287 476
596007 596032
528079 297294
317132 288246
190321 190324
84864 84820
84569 473
132 52662
25262 25702
265346 265284
296581 288346
554076 554291
198138 198130
232947 232899
126423 126558
670995 670866
540895 524856
301060 288244
112875 70258
404702 402171
318218 318217
406222 66053
626980 627046
530190 524661
254168 253782
269712 269112
651387 651330
44830 44932
169297 169414
676896 1283
281775 281774
515484 508629
106740 501
46102 589
421234 421149
473501 473550
586752 586760
115092 115100
619735 619898
216066 136429
132616 133881
313830 313836
618866 610252
247650 245312
197536 196214
508371 472756
305181 305186
109337 51518
251395 251088
90263 472
90491 90488
529880 476008
638387 638486
296839 296838
526592 526610
494151 482912
502989 502988
46527 607
529956 529949
75926 75860
33348 33801
619533 619529
326361 289060
530774 524805
516505 508622
575163 564114
3664 114
254210 253801
409935 47129
251502 251060
494851 494857
322317 289060
526957 525100
258541 258487
79439 497
346178 346176
53016 52637
95670 74897
382819 382812
161101 161100
81567 81547
5210 5209
179479 1791
560322 560363
88835 88834
25356 25361
561847 561690
497227 1283
244593 225465
258816 54130
298462 298461
349443 342913
515766 508628
528956 528876
63479 55929
49248 49252
87829 504
17538 17944
581077 581073
463601 463599
540787 540788
395245 395171
53748 53753
102122 504
46365 46867
528352 297293
639844 639905
33275 33894
55028 446353
140032 140767
257204 256823
84814 472
527296 527271
251253 251100
76805 477
301563 301562
177565 115738
528929 524671
256944 256881
477127 371538
624769 70698
255510 225548
571603 567064
240004 225465
525991 527524
526335 526362
34367 9
473451 473422
667334 492800
77736 477
384274 384293
78505 78513
553346 553345
680556 680557
608172 1312
413798 413735
70247 70097
599577 599874
405891 405805
526153 526067
408536 408521
89381 477
196718 196719
521922 521382
578455 564277
83904 472
215459 69886
544344 544345
473391 473428
615571 615556
395048 392148
256535 225465
246887 246816
365427 356416
279595 279596
18321 600
13678 14289
322504 289060
431269 52220
86025 86000
53404 53437
363724 350820
303097 288245
405263 402204
656531 656530
391203 69886
526281 526256
540697 156663
33218 33199
93248 475
273161 70087
61629 55927
447274 446199
42016 607
32281 32183
424433 424421
502075 501977
93197 476
284154 284452
81527 81551
157791 157780
34144 34313
543708 543707
590212 590265
433487 432840
526449 526446
13819 114
526740 297294
85584 477
227716 225465
38523 608
29858 30030
88304 477
540825 464448
36273 113
529271 529267
102371 102375
43494 607
503687 503686
823 774
618444 532506
52778 222162
465250 465149
173564 1800
43414 43662
19918 20504
338227 54138
526498 526472
525683 525104
528000 527945
71422 71113
469736 466584
289705 289182
80352 501
95566 495
123470 123413
255404 254969
502118 502115
526222 526249
403725 403726
479221 622216
564424 51588
541851 541948
370845 370843
27367 609
121018 121260
125884 125868
93419 93390
86772 500
21850 607
364257 335765
624919 623127
555453 556135
53823 68885
25869 26023
92935 92938
22314 589
88459 71653
529419 524674
514088 508977
348108 348100
406926 402199
87517 495
530274 524671
9543 608
533393 533422
508468 472751
93036 477
341692 347027
442849 1490
580473 580465
635586 635576
675136 475306
632524 479548
123917 123741
111550 111729
619558 619549
340796 336192
286267 286321
196501 196230
575516 51593
367312 119810
485987 482866
268405 267314
380733 380753
89282 89297
402147 615
45949 113
529346 524656
517147 508650
85988 474
312610 312613
528663 528678
515395 508647
257457 256828
430317 135939
244097 54130
480035 480049
494456 482913
291738 291803
80366 80368
667471 492815
550077 548452
416193 651
245292 245435
365620 9
40713 114
538121 538135
342965 54138
232942 232933
525027 297293
72760 100728
27034 27023
528967 530354
171898 1151
297736 288238
270962 271082
22034 609
493222 482943
72352 72359
76340 477
240616 238541
432716 432773
516736 508622
404736 402199
529256 529247
605659 605664
666571 492785
513295 508615
30660 30665
532379 481614
230686 230572
272697 70205
416737 416741
52172 9
239331 238533
667475 492787
78087 78078
217434 52202
247630 245298
556260 554443
4759 44033
624014 479601
28715 113
31924 607
251730 225465
437973 437721
248240 225467
224824 221105
370735 372522
76026 76033
340456 340458
110651 110650
644300 644296
156426 155953
249880 249886
658093 70697
536827 534825
630790 479600
91863 474
247733 225465
481570 481556
19464 600
399074 154673
219594 219592
278054 278044
685107 685106
254375 253836
534558 496824
449067 449070
251230 251064
8272 7932
430884 430762
525551 297296
84658 84647
43143 596
41908 114
69715 69714
305284 305286
525326 525312
38000 38129
479650 53831
495068 1283
359447 191338
83966 81828
525445 525462
95370 472
508023 1283
526954 525107
18491 20669
7267 607
490912 483446
243530 243087
634491 70700
618628 532509
521007 495728
49393 49398
369998 371660
567605 564114
673450 673005
575332 565953
651504 651381
31603 609
53872 53873
592674 592666
530749 524802
67381 430633
226100 225642
247194 246837
385776 385777
2176 220385
401265 401198
525614 526629
631705 187850
241993 241812
524769 524761
86993 474
112290 112180
105973 101177
632458 187884
123937 124099
560812 560560
37888 37919
29001 29076
524644 297292
203331 170446
16593 597
430322 135939
257086 256830
156118 154667
651302 535185
36395 589
493894 482935
88800 504
250276 225594
350674 350673
276043 276044
501724 501690
529629 529646
14256 596
525604 525103
53585 53604
465667 465682
379175 109
574071 564114
315975 315962
189200 188560
629928 629993
626403 623076
369182 368591
178025 178812
251859 249575
550525 550470
525910 527517
179500 1800
544374 544372
99053 500
69058 69062
84521 84499
248202 225468
519383 519388
277615 277606
552150 552146
142479 142472
348110 348113
15641 16245
236866 236911
310073 310011
173379 1800
99266 470
92332 92319
244889 244714
105187 497
612578 469441
525444 525415
252776 252092
257023 256873
255512 225549
225967 54130
138503 52236
242502 242439
682845 135974
357331 339418
233431 233376
273089 53783
666430 492824
7323 7389
313126 288245
536550 1283
608420 607711
77875 77820
44390 114
564709 564700
638385 638367
247371 245671
601231 602447
253969 253803
108603 108553
527110 527062
505301 496836
101255 470
309017 288967
257517 256805
226822 226826
624777 623118
109013 108993
643468 643469
3961 3919
570177 51590
139 153
14505 608
533085 533094
34048 34080
226549 227208
90881 476
429744 69826
393876 54308
337634 343831
526841 525112
321486 321496
85774 85768
600893 600881
539605 539597
257378 256857
251327 251079
27743 30514
25870 26025
516017 508629
72253 72256
527932 529637
556388 557217
617830 464046
527646 527635
389593 389584
612721 1283
251457 251085
435075 435060
19280 113
621932 464631
390219 137978
391596 135912
544594 544595
256795 254985
38000 600
530196 530182
273710 270289
99199 504
242029 241514
666749 492832
112477 930
638454 638722
528429 297295
404244 402154
395176 395317
43350 43484
305777 288238
257373 256862
586614 586357
254082 253841
6129 589
639161 640290
87240 473
243828 243319
527713 525125
291339 291328
539977 464086
274448 271439
478326 474771
195081 195082
491212 488952
55683 55682
272775 72
473649 473677
72357 72358
40518 589
81817 497
473625 473575
194705 195478
410547 54611
86161 477
555592 556254
260853 260867
33308 33826
493616 482923
454311 54138
78717 78743
666449 492809
433915 432768
72826 93508
138500 135870
407148 402200
4070 4162
463823 463825
527240 525125
526188 527365
503980 496836
211091 211087
526509 526504
609471 609562
240825 239479
452573 441917
255834 225549
562506 562508
80452 495
597694 591711
87468 87453
333501 333479
651621 650834
666535 492779
634875 70704
529526 529544
612775 612777
546407 546452
409027 54622
517144 508669
105715 89666
371630 369748
481431 481439
500964 500737
8270 9
529452 529453
508407 472753
373625 187496
582106 583894
489612 483446
411926 411692
406780 402167
39412 39562
494569 482959
27776 34353
4270 589
528717 524661
36457 589
198809 198855
203861 170422
406561 406599
405769 402144
26946 600
305884 305885
249982 225465
404227 402181
524432 537867
216481 216287
365946 357606
88453 501
497822 497814
481760 481721
171941 1151
525169 525115
493630 482952
644396 644399
557824 476639
19498 596
319662 319665
494640 482938
136584 52207
11237 113
527461 525124
247094 246818
78041 474
575896 575874
292676 292677
422829 422290
247161 246866
251378 251055
217923 217743
175266 175127
70209 102
405670 402193
398228 155219
250058 249554
238354 238278
121868 121795
501462 500940
636381 476489
108935 108936
168194 168196
275128 463058
15527 114
538277 538196
290489 288354
494805 482959
526801 526814
442809 442801
254297 253787
82902 82883
253665 252098
505513 505511
19075 114
407474 407519
92187 474
517158 508642
527538 297301
96086 501
23414 607
400725 70930
410234 409048
525320 525425
554915 476639
329415 329431
651773 476555
303589 303590
677071 476748
397573 52697
515541 508634
54563 54562
241896 241540
197346 196219
598252 598235
516476 508664
25848 596
475737 1283
101717 72364
367930 367977
247042 246863
216013 216018
607550 556846
91305 470
666514 492806
404005 402193
103719 495
13220 609
133886 133885
593676 593522
631207 479547
406775 402199
528987 529816
359087 359208
241744 241447
531998 507861
394786 394495
231757 231719
299642 299644
405410 405403
593132 593131
92899 92895
421833 422282
247006 246848
39182 39178
15306 607
6224 596
251460 251061
288352 290459
889 638
676727 476708
659233 659232
384866 384863
528862 524663
493394 482960
534993 534866
241753 241499
26726 26724
405300 402167
567816 567817
404544 402209
609613 156671
294929 294915
526494 525118
371025 371016
631447 70704
669212 669996
609272 609381
462348 119023
58821 58827
517544 517559
492776 482938
394040 394030
226591 226082
11538 11539
77704 77713
528703 528666
463315 463322
362843 336028
251879 249598
33202 113
493943 482924
525234 525231
169515 1537
527941 524661
526461 476008
637034 477930
99207 495
462845 274273
360489 338922
444209 444210
506088 70697
405607 402202
22294 22398
332944 288238
595628 595640
100461 470
88615 88626
82449 82450
34836 34957
684992 684994
278023 278016
24333 24854
667989 492777
27778 34141
378983 379377
438252 437928
82694 82630
477604 636275
529901 529881
528771 528621
345517 337696
530386 297295
493448 482940
493197 482928
300769 300772
447522 450969
182318 182160
104840 95965
492636 492622
141171 51927
106476 472
527186 527227
475313 674939
568601 51588
256967 256841
242031 241487
240776 238503
9559 9947
86462 86491
438165 437932
307236 307234
527588 527563
623233 623232
526761 526766
525846 525796
45591 45620
400142 400059
71501 71516
394359 54308
554027 481592
320549 289060
153016 152968
80843 495
142220 142383
299037 299035
154760 154836
667094 492832
13375 597
247085 246877
269419 269172
422188 422662
40970 9
67405 52664
493671 482924
624013 187850
410295 409000
204608 170423
466213 466209
580164 574929
668101 492777
174528 174522
187867 622036
555128 555986
378745 379245
4493 609
7953 8246
527055 297294
658670 658656
152409 152411
22289 608
443110 442790
18798 114
256357 254966
516399 508644
88848 470
226744 269755
252709 252116
288612 293894
527985 527963
534117 531933
609944 609836
100081 474
493127 482923
527640 527597
326866 326867
68290 68294
238821 239370
89332 475
603918 603906
135946 135939
73690 477
606703 606707
633430 187884
215406 52206
119850 2083
170850 170847
531845 492614
81854 474
72461 71676
320813 320815
535760 535803
52265 52200
572668 565239
651754 476559
86884 477
173708 1739
516298 508634
430160 70021
224091 221246
317016 288246
57322 57315
305243 305241
38076 9
610018 507997
253971 253802
376017 9
251905 249564
611649 613907
529635 529626
29005 29465
89123 474
88053 83106
156340 155939
326056 326519
666940 492834
355484 355435
638036 1283
