459494 448917
419262 419261
381302 418478
386612 50652
159301 159293
541548 120927
6501 6780
529240 526530
166556 64660
43351 536
313531 61460
72716 404
154400 2317
199506 198929
12180 12605
419521 419142
420413 420405
468998 468999
420597 419708
67277 425
154401 1540
93631 405
184374 184259
93676 426
337842 51238
19093 61
344062 344063
351080 351288
453116 453126
273811 236487
213296 213250
32272 517
210549 210114
5074 525
14631 15739
207713 207379
80810 80776
533572 533573
217388 217355
484160 484155
78426 431
382056 382087
417549 515410
264537 264538
50598 50488
367519 367523
33350 33303
361145 156298
350251 350271
266196 236384
419757 419702
6750 525
152083 106661
212248 211898
42338 42453
338309 337335
224918 48
31628 31757
271845 236392
541391 383897
209490 209027
393188 389692
475807 475808
90669 405
419613 244569
510491 512144
212452 211918
121827 121240
299617 276581
300281 282393
86926 86890
305990 305201
362704 362582
388507 388488
424328 424325
96567 96546
366020 45627
212036 211938
201753 201361
168253 168300
449015 449016
106326 106335
461718 48662
68731 68716
195871 195186
74588 402
418708 418707
335072 331018
444153 444150
465398 465350
451667 451643
208023 207401
193403 193456
268441 236392
449199 449192
512233 510701
225865 222175
397760 389288
86521 66593
484165 483338
420656 420630
241698 241635
145506 145498
84987 84980
76933 76975
49620 49618
21365 535
210932 210095
225311 223942
429103 429115
332108 331009
178953 178963
64127 64146
539317 540145
424093 418713
224937 49107
90810 90789
318465 318466
238980 238979
321697 122695
498658 498875
422891 422955
206768 206421
212184 211924
525748 525752
41917 62
122180 122264
541104 383887
220477 218522
390369 389714
90427 430
43070 61
332176 331024
145415 103511
473153 467061
92954 430
502270 502214
158567 158346
64147 64668
229061 229062
498923 64492
197646 195873
152275 152306
381956 381953
225867 223295
340912 341159
201056 200791
89968 425
70372 69347
422901 422957
518609 518604
224235 17
414130 407659
60474 145360
375956 61899
44062 9
422985 422892
87870 434
29327 525
499063 497425
250636 250635
423049 418710
396884 396126
461908 461914
1038 1894
206810 206475
324789 323988
202782 202634
530542 396144
244965 236388
414945 1142
210649 210082
69688 69700
262380 262382
145291 145301
93720 71956
292566 280505
121643 1962
88362 400
2780 536
136050 136049
438614 437853
86317 85813
20692 517
438654 437853
159503 159429
192446 185696
210801 210104
224946 63687
265188 237009
394656 389714
419641 420683
50549 50499
44329 517
81204 81203
12929 536
467275 467285
356092 355723
424000 423970
306230 306192
353257 49198
79827 407
44437 44597
419700 419160
519228 384281
29090 29511
347239 346819
110898 110878
209423 209043
77904 431
420372 420444
200448 199370
70091 400
229067 229056
134959 107892
419606 244567
208050 207422
363207 362567
498163 386549
206951 206438
458620 449144
181424 1764
413845 407644
397702 389290
31710 31810
359535 50472
536295 536288
90655 403
518535 384275
67110 403
428507 428022
542259 120917
396174 396167
329136 124704
280802 276933
487301 407105
321414 122799
412948 407618
540774 540758
86404 426
149501 149494
397589 389295
465676 467915
81672 430
156461 156958
403774 425454
360108 360125
431307 403830
296100 279619
207968 207779
195958 195099
289596 289788
221656 221217
11451 528
10211 10791
249928 236934
334064 331023
81811 403
46651 45265
268247 236392
225859 223022
320980 64148
529557 528264
287057 287060
410085 407611
423902 244564
27997 528
85044 427
214128 214113
48905 48695
342798 342800
39100 537
26810 27405
332323 331003
365392 365416
86629 405
221689 221325
70417 67832
120482 120496
30670 30680
424342 424313
475156 475157
334255 330965
398957 398910
10143 10125
414363 414340
73854 430
180013 178499
35185 62
24615 25060
83332 425
424053 424065
32781 537
421322 421294
85713 84336
39899 39986
378741 378751
969 1326
157907 157918
168947 50013
358948 358772
124297 61519
40977 40998
15252 15274
262186 262187
401689 401472
409276 410177
419782 420574
54804 54762
359518 1333
103903 103602
98775 430
82314 404
101261 101063
206932 206479
375036 109494
409354 407611
311387 306144
498220 386553
454251 454169
424154 418705
286601 278378
23885 24361
97005 65803
103951 103976
65116 432
86026 425
16482 524
286183 60280
504763 157885
377249 432952
154595 108991
22620 528
91246 434
17950 17975
80926 80893
421677 419155
384810 306691
279434 276405
322888 321175
71014 70990
422783 422732
8258 525
423325 423295
381900 381937
91860 91899
259278 259292
337475 337335
466859 465674
515735 515732
540638 51437
509867 511534
101587 101574
82666 82639
499093 497605
265322 237009
219269 219268
149268 149267
464688 436606
290867 283432
329177 329181
211313 210103
292901 60280
88532 403
307544 306906
42838 42954
421673 421691
396356 389304
78609 78611
231655 231656
420175 419156
386154 386395
210490 210080
333097 331019
192139 192083
362958 1296
371018 158057
223817 223818
97108 431
537113 337012
426834 426824
331093 330967
195854 195235
271169 236392
37852 535
423760 423725
263841 237009
178755 178753
423174 423367
65211 403
23839 23964
420791 419164
122212 120694
224864 222013
212275 211932
16938 16942
368129 1389
58969 52305
65447 65446
181695 181694
334048 330977
396923 389309
318762 319280
421419 421417
386618 487969
531455 396142
384581 384580
4153 26445
422140 418719
177253 177252
188174 212812
331531 331528
105903 108760
181306 181136
537919 384387
65403 65317
158643 9
197448 196108
433706 225595
41608 537
487759 487778
24428 61
26737 26733
202830 202676
335867 331012
195302 185696
169477 145301
286001 285993
65908 65282
255564 255556
282615 302519
521120 521055
120057 118701
202801 202641
530366 396151
423521 418726
500159 64489
72751 425
198353 198230
363932 124572
14600 528
307407 61459
167182 167178
220095 218927
543589 517962
206915 205093
423363 244572
106204 106167
200226 199039
7250 8046
333712 331021
412893 407615
69137 404
39511 536
38321 525
301190 282796
224805 298
406053 406056
34803 35138
493750 426305
538794 341936
276377 276369
76272 431
408611 407611
100585 430
397679 389289
415423 415375
14621 15739
7658 528
366504 366510
190081 190032
514262 386318
498705 497364
397317 389285
45808 45197
289909 289904
463777 449177
540179 447787
462961 448917
485851 64484
26019 26608
47032 47036
478593 478592
423136 423059
1894 62
170410 169289
197028 195404
296132 279543
51400 168872
307547 306808
412736 407622
502462 496561
186754 50898
485574 485348
79240 427
86697 434
100357 434
509501 509573
102843 102952
438628 437853
34771 34754
24519 537
422290 422342
154680 152113
12208 62
332782 331027
208806 207409
118735 116195
523068 523066
33063 9
156209 370133
71717 404
200069 199084
262134 262087
217986 186581
374182 374183
422837 418719
10276 62
412730 407642
343375 343203
144033 144040
290252 279964
460048 455403
238436 236474
2262 2260
498643 498999
505423 386549
296328 298114
134941 134948
202880 202649
427838 427836
413356 407620
137745 137744
425731 396000
93988 407
54031 53624
92419 434
198432 197972
397236 389281
218338 218280
428491 427993
113586 113541
259674 236384
11415 12014
180170 49207
226762 231267
123626 120753
77748 404
93948 405
192625 185696
75552 434
494099 487568
408713 407901
203177 202680
208481 207403
205481 185696
169506 145289
332661 330991
189578 50851
542368 542352
236499 236502
178859 178767
212547 211905
530837 396190
6784 6898
234265 229139
423736 418725
489536 1142
71535 434
38544 40852
440723 440718
518870 384274
197179 185696
487466 487467
206329 50851
91099 434
415680 415665
379951 380072
91157 425
226798 230384
210534 210098
176592 176591
498175 386550
76340 407
521004 520990
628 9
456259 456343
143687 143425
8765 11002
422090 424222
30494 30445
169342 170081
79434 79381
332693 330972
288970 9
258099 258082
414472 414456
240248 240249
93423 405
487145 386467
423929 423926
207674 50851
200503 199459
26225 61
22901 22909
389334 389315
55151 55457
420041 421534
377187 388342
496017 496011
419502 419459
292005 293405
494357 494381
201103 185696
335704 331019
15133 15207
502774 64485
296370 60280
299198 287289
425914 425581
208032 207422
35072 525
422665 418715
217408 217356
97551 83192
186768 50890
531718 530598
123198 49201
519431 518968
420563 420604
314491 314490
305057 120643
39254 39747
227495 227500
207597 207595
469927 469926
206660 206462
6274 6289
519910 519914
68059 427
190418 190407
419380 419346
224344 222015
426269 377039
216767 185696
428309 384273
146795 147402
123749 50382
47278 45535
188139 188137
156069 360758
56166 56106
36644 536
70785 400
145671 145654
148932 147419
135083 134242
68009 427
433315 433316
210871 210083
29088 535
368982 45619
353370 353355
69035 69040
530892 396147
334889 331012
91984 403
332650 330988
322912 322821
2724 2722
358484 358451
420427 420368
413132 407663
381560 381567
155880 156533
398088 398111
492166 364896
181938 120039
353126 49211
207087 205387
439363 439382
91177 91179
484499 386587
75866 427
255480 236391
526872 526551
531187 396157
427123 377177
422430 422429
494402 494408
428394 428007
325117 325118
396932 389290
86899 427
290771 298453
363118 362603
371768 9
7659 7652
421696 419153
381974 382013
286387 286386
466120 466119
165800 105074
329035 328962
321997 63838
36180 36170
365235 365233
31831 31855
3586 3624
420100 419154
33308 33321
153237 153234
155079 154900
63886 120777
320846 64117
23619 536
228438 228437
198698 185696
313791 314029
423715 423742
158709 104005
290154 290157
84453 403
943 371703
365479 120687
123469 120752
401822 1142
369362 160330
522543 520958
438576 437853
14205 14371
239076 239054
371274 371293
104459 64136
8432 537
420374 420443
196897 195101
67335 434
464944 464951
224237 64079
332484 330999
196917 195226
201003 200845
165851 165858
127874 127877
212514 211940
321034 64142
310690 310691
199855 199338
181228 181137
95058 427
372579 9
518465 434520
75910 434
121944 49206
355481 354729
11679 11685
423835 418726
254817 236934
371611 365593
414589 414590
332617 331015
206892 206455
75189 75185
205513 205106
381197 155757
14153 525
323026 323021
83491 83452
397055 389308
419404 419441
93947 93936
18550 525
311050 61459
324998 50994
405695 50639
135010 430924
253958 253977
527582 389514
226825 230713
541244 383888
306036 310554
391240 392747
346377 346378
186270 50891
150599 150648
484850 485048
396764 389296
21025 21607
362603 49163
91556 426
284798 279455
196448 195103
157143 157118
490565 1142
73000 431
530395 396180
312797 61792
80031 406
9070 9142
104977 64134
481544 384332
511854 511604
63872 321083
420052 421509
273106 236487
185454 49962
422534 422473
304453 304490
177801 177802
224871 222012
321344 49198
481110 481114
78160 434
332368 331009
196005 195160
35381 517
11532 525
5212 62
201124 200831
254607 236391
332164 331023
383980 383901
530822 396166
294367 50859
419325 419321
368739 368737
423372 423175
185964 50886
23717 23724
320932 64142
447955 447954
318437 107569
493316 493353
224425 63760
397764 389312
285427 298278
502432 502463
539000 538991
491538 491537
353389 353394
49010 48969
397055 389312
120956 120957
298637 278117
169964 145289
8590 9
66119 65314
419950 244563
356049 354753
293532 60280
202902 202691
27448 524
370665 370726
403062 403051
336226 331005
419964 421534
398134 389313
395998 396057
80491 80451
440293 440195
284076 277195
338961 51225
530490 396153
320831 64127
17244 62
254956 254954
482057 482060
65750 94328
85675 431
73591 434
31687 32085
542638 536272
219934 218998
18519 536
538321 384404
31854 9
291009 281888
336085 331027
89912 426
517902 430593
422023 422056
419587 421274
281961 296205
422352 422309
368842 45612
367472 345
224391 64078
352003 352002
140889 140890
89926 89905
539254 539214
112794 112782
93701 426
419847 419889
540638 540711
450358 450356
208188 50851
186413 187137
181757 181758
8158 525
78993 405
336078 331026
228911 228914
419495 419467
503784 64493
414346 414337
397725 389295
42250 42675
310091 310106
65221 400
288643 60280
428586 428003
238590 238589
115416 115404
70072 404
113240 113223
225146 167193
116468 117645
535767 396038
10038 10046
196782 196074
211657 210556
332182 331009
38179 524
51675 51639
369282 369285
508865 317005
327485 327499
155914 156073
363020 362602
468197 468196
538541 479243
125698 48887
502928 157922
431539 431463
280501 300904
3634 537
7785 7802
418381 418415
530542 396152
113844 113753
17131 524
337496 51238
13883 13907
207193 205125
396688 396641
93444 427
212255 211936
203159 202678
223082 222015
419791 420586
517604 517620
426305 493695
97994 403
367342 51496
419351 419372
251190 236384
52003 51933
188850 188851
89282 89264
487551 487550
105258 106372
68446 427
381322 225592
512613 512608
159174 159153
329279 329269
336512 330987
421875 423949
98098 65268
61722 49610
240288 236686
423397 244572
333632 331017
458792 48662
528964 526530
96304 96279
124960 125420
396443 389304
332955 331023
169145 169146
238408 238409
48120 48119
225064 222187
35314 35292
493616 493470
206627 206468
280820 277911
203084 202652
495437 427294
422876 422836
24708 24686
86734 400
81965 81963
119515 119503
252052 252054
532049 396134
269758 269730
519174 384278
