211043 272428
210395 319363
357716 155028
362601 129970
248642 112490
296963 301877
202315 177015
19759 361517
357030 181465
139042 193064
260449 341859
226044 250307
25825 267854
409342 123199
379210 399660
110302 221876
330108 260965
198122 182446
400099 226774
32610 311593
10496 186039
74460 190447
310053 185254
104246 250307
358937 347471
242631 177015
312221 405530
10525 308688
87587 58474
134478 26789
374615 391962
42330 392580
294888 223198
119387 177015
10571 163480
132097 12137
106746 184953
46225 170149
362071 90747
210321 159685
47475 160677
229878 229575
87056 5939
252318 92857
236241 290357
385095 85119
328171 399660
339762 235338
138359 114651
61742 93014
14833 63633
209697 91182
269522 160763
125638 65480
13494 76160
23188 253390
148329 76165
82143 4212
98000 348978
83179 273244
288999 311934
398503 267262
397036 402742
337614 383852
171657 188798
21829 23645
253983 188366
181107 227760
49976 317983
410443 231019
117891 69573
156566 403831
193663 150148
136250 370967
78465 197195
345566 297336
321488 146676
97881 327129
228206 327129
385157 289617
409615 313634
45081 275281
357273 400578
405768 190447
109928 184921
238613 297336
237092 61917
81936 180705
63030 87674
399716 348324
241015 286854
351275 355532
232450 337427
349738 80854
205412 258280
393522 108846
359676 267758
83040 202279
241623 4342
365307 178562
78260 312705
224695 364394
9142 125627
41526 345960
262402 184953
175451 147952
46623 11894
340615 356170
180257 89428
192281 271911
250867 222180
267924 315289
93022 311593
379756 152547
326149 373009
240213 75161
133887 4342
7401 294221
41205 191937
304778 248011
67389 100169
12280 108020
69867 186248
198220 341159
9118 106962
50783 404737
244360 97141
140494 393761
408642 220255
283650 32457
344341 277866
23808 26835
346498 60732
161448 133947
396575 12230
247894 311593
171779 119767
212641 106421
69325 297336
129619 184714
128846 224305
222646 69815
23351 61637
175226 72740
79550 75161
271969 366275
200474 327984
328761 250307
28551 23590
15700 339137
118119 243162
251395 195294
387508 112595
206667 320938
227049 197763
165530 324480
174475 357699
37644 174311
184238 91182
295290 119767
77507 184714
265505 78895
181571 355747
147186 344515
152130 91182
344678 255835
141596 1432
222213 262476
4395 329431
145806 407714
387933 137873
396910 56876
175298 311593
358517 85108
249706 255754
381612 215363
125190 269993
241946 170093
368445 399354
38331 276243
104635 239127
74541 389991
27359 46770
196358 31226
117597 361184
28081 292153
327754 120255
86011 115803
163831 319853
52677 389681
214468 267262
374910 275538
274830 306986
105712 102851
365181 250307
204432 91182
58833 160958
273977 101399
296072 392484
223540 311671
277383 56801
233101 4342
24244 333490
41772 3932
399096 133326
230094 4212
367430 407119
406110 189897
297042 249245
85267 120047
303251 111421
108696 91874
175250 399354
18358 207424
26001 5631
91106 135966
107538 292006
166196 329295
22728 308277
62141 350429
204777 284478
395702 161997
41732 55187
351041 181303
51494 399660
289642 283465
103190 200361
334150 358855
224605 63257
21431 184953
307673 98896
148933 292605
19569 2128
16026 88249
183398 189242
44256 401067
140508 16612
398543 385818
400356 367456
65052 241522
206362 311935
279275 86161
231542 224067
388287 363156
9844 201513
96846 230808
69084 158559
135160 334694
355576 83256
24102 185266
369887 40721
248596 164080
228462 399548
172952 256372
18455 4212
126483 158383
127479 142333
22476 383852
132082 395838
48266 269993
22095 407714
351542 202514
361784 80191
195789 304989
366395 306200
38952 20834
167393 84694
215908 345960
369108 110909
12296 345383
53223 94467
328618 399660
192488 52328
99597 387561
319278 194409
203384 231151
233160 92532
97238 173703
399252 322196
288270 166020
138543 8564
54800 224536
296618 339912
84991 169101
372996 4212
211219 77792
410687 297336
400696 163008
27610 91182
266983 4212
364433 311593
76545 286921
313199 372531
44574 188650
316242 184953
33165 91182
302721 100451
208934 45707
188746 389879
316671 250667
313567 157781
83238 96197
343872 364971
70759 372531
174592 351505
263654 254720
3625 228350
84400 14361
96662 54885
93610 21279
70820 163258
299554 239051
212077 348174
345667 320690
400318 161538
356389 113204
267830 160896
78674 320388
366365 308277
324887 11919
20063 175074
92076 147349
275145 399660
267208 6401
229981 383852
409414 119352
300584 103096
50397 256372
246769 189242
196863 17934
335623 251112
331598 145637
161759 110700
249556 2891
278708 350790
141675 252162
27276 14361
220174 335781
359136 175769
352839 307328
12235 399354
119203 228997
29640 399660
249578 83558
181061 72740
25386 345960
363834 219765
354015 378334
244229 348324
28278 115487
379030 164947
337986 332068
368387 297336
375604 345960
151667 144378
325371 335494
387895 263211
145912 93263
282874 291980
223743 62610
192401 249645
358774 327129
186690 269993
67809 250307
32207 399744
86148 342102
333185 351791
83974 337752
273629 91725
173496 407714
198436 183889
32468 39356
39145 138332
238663 4702
278181 410572
325414 33973
25689 76233
211823 383039
291096 184953
396516 268169
259505 310477
318575 206774
105800 250862
304584 108519
133385 133987
372591 139351
19149 407714
177598 358295
384497 80175
388104 311593
322382 168941
126945 359158
372930 190690
100454 344959
54304 327129
146436 372531
261087 372759
186779 33372
280340 329483
380248 10977
247215 41734
193777 177634
150889 210551
128642 300292
277322 353620
186679 49491
81616 218055
99169 91182
189111 70073
165533 154603
255961 1107
342813 328144
247823 311383
59053 74835
219429 397312
84417 311593
89700 271343
160193 55880
130483 264686
71978 181374
194456 124744
214619 348452
264979 91182
324345 212886
94316 368928
99613 232746
63529 329093
115250 189242
200788 341419
258857 109902
170726 201862
97315 322994
386777 210331
46254 71461
178008 87860
165997 225643
385114 119767
362971 102692
245612 216878
37288 198895
77839 162862
282593 69746
199333 235496
54687 62428
406972 221143
338385 293297
246337 25977
219227 405609
375675 62274
144216 177015
106054 266756
212938 385818
152891 399354
229879 183856
51919 94625
328016 298880
103347 394125
394992 229359
24639 372531
188540 58824
311972 13041
30545 264657
32020 250307
57286 114420
118847 190447
128910 121884
176748 237989
119550 344188
184748 367774
100699 332770
327876 327129
192467 257187
138111 389879
2906 204
406251 394889
213694 299126
13344 122325
378749 53228
206965 122325
2613 360034
56199 4212
130847 102851
380908 165926
168682 127318
187329 399192
73829 89068
237872 3895
395890 347052
374241 297133
119887 59536
121143 3932
268041 170534
197783 111556
248383 128046
357033 206463
18124 184953
82815 2572
231253 179988
255854 345960
319053 204732
175289 4212
254637 290550
342211 392502
73563 96587
62414 256372
156417 182169
387952 216471
299994 160873
135963 359493
5822 395894
149641 369128
382122 297336
72604 270223
18923 236183
170383 372100
306124 242128
351031 32716
130372 256372
283731 292603
137832 368166
161356 193638
110912 262835
358343 74231
307857 407714
307662 325307
388160 65568
327274 355282
23672 269993
292553 328784
368185 212886
43616 355636
136129 376808
214170 96628
60389 251112
137886 230647
374514 383852
280600 250307
100280 275488
300947 177634
191104 370252
279708 357113
116446 361511
12177 233516
318776 91182
175293 320388
248967 407714
209786 195366
401560 345960
70621 4342
269398 123405
213913 383852
61657 21085
245522 26262
228025 295934
383724 352671
127787 338430
216053 333315
75851 157233
14614 353826
406462 201818
247273 256149
227868 163008
300781 364655
338097 379303
184015 256372
323476 407714
324456 270884
250906 219595
155271 383852
99075 279054
403781 160673
385911 309426
389481 291113
59746 7417
249905 3334
267077 311593
371570 171617
353824 237595
303428 383852
307874 405075
127004 177454
133275 333226
215665 52574
26180 184953
403227 253218
302092 399660
247765 69004
211541 76430
226944 147563
217073 169139
288270 293992
355064 339364
168132 49561
216124 263162
330058 300406
292066 104784
246531 319363
113814 184714
43743 383852
235741 358820
363439 181058
357770 61970
338819 295847
177093 347824
236617 256372
291329 23502
169708 311593
83370 70746
254377 278004
272362 256370
56164 253218
32840 97231
173772 16610
172622 384721
88177 97159
110510 91182
297009 65568
224186 28562
51189 50923
17041 151744
268728 15782
351208 256372
390955 131864
198455 91265
339225 357778
187503 42896
40799 101548
404934 298059
402045 243162
30100 45796
375003 161462
7490 129760
124547 395023
246470 55915
373233 352671
410821 8497
127176 51673
228557 2763
46833 11364
203096 297336
268799 250862
90757 63832
361081 376684
410398 251112
335126 343632
272386 69618
130255 325241
195383 332770
196953 352101
191910 337841
198548 232234
379202 399354
137048 399660
178908 390795
269036 15585
179996 355778
181479 220685
71928 170043
292346 306296
380215 407370
239590 177015
56846 73883
50870 408162
110610 184953
325084 379303
11594 212953
121782 365791
69947 58167
387859 377224
190642 177015
61375 381712
347754 214996
390669 291823
288079 372838
236570 6974
202455 142016
311505 308277
192317 95344
58712 389858
48392 334760
96825 213467
203311 250307
233283 321128
329296 139005
238190 407714
107271 351149
359948 251234
67552 341295
303016 8418
395180 135537
139051 348685
98488 71878
158503 337752
266524 311593
177161 372201
103703 253218
279455 109415
332433 287435
96609 351128
90423 370981
142457 269993
131200 10848
312589 332770
60844 192238
194300 88249
362582 27491
285389 160549
36601 269853
358752 214243
11159 307844
274971 4212
36620 16391
172389 390007
30678 192072
120889 269909
168127 91182
229159 335910
161569 371848
345937 304605
277655 250184
200697 386170
86922 342176
57775 141802
57573 372759
57577 211011
335189 71491
211109 298214
127212 15883
400685 129795
399809 170761
402641 287704
38219 184714
216396 160549
81165 399354
182932 113713
285450 395695
205803 327129
368445 154770
166579 395
11801 133142
25542 131176
64515 351875
229994 15315
338328 190267
273956 233535
48232 88050
197891 308972
47961 265415
32912 157601
142798 184513
371641 399354
323530 207750
411120 158432
344688 4342
335616 156987
188909 124097
21726 163046
47738 181058
258963 109902
340619 265629
260494 308268
261293 222180
11385 367605
211580 383852
267279 171404
366894 50531
228752 229950
382177 44611
96307 311593
245731 165938
328181 262633
249563 250307
393920 176274
295171 43117
110069 307328
117858 390448
6425 17034
233074 259423
116178 359493
235016 407714
118270 198215
257746 99863
250577 32457
148365 257650
173542 141619
102525 200434
306188 253218
213516 123401
81866 43152
124625 73694
389419 184953
44900 235054
74289 309461
282267 159546
12247 35636
123054 311593
255183 379303
246225 386771
158158 250307
378589 78452
294381 250307
209167 253218
308106 7877
178843 274211
310110 294813
367762 144868
202749 11945
358794 264652
170841 35316
286752 12343
186170 361135
271499 377224
325198 253218
35856 399354
378263 91059
257271 393233
362284 177015
73973 80253
263147 4212
351878 327487
74767 109902
49967 176702
13619 129219
251279 338097
405191 382447
218045 207088
73290 283812
307772 374925
56041 104219
158687 4212
96354 213483
183888 392374
386784 245900
311505 144378
17867 313690
1353 372532
371538 404251
154438 410794
121171 76688
212364 410794
387429 117053
276881 287230
33051 76556
391569 242624
378233 298728
255991 197528
329255 372531
74099 184953
76124 392502
332684 30287
284434 189242
4933 212040
92125 135233
274142 283812
320507 392208
153850 244817
109069 359158
95901 258832
131988 314968
190980 352285
409855 191645
149669 323882
187641 394564
233836 69768
49957 408037
170695 91182
90656 384466
273423 327693
121140 399354
58956 149611
129981 4342
292005 42330
254330 26550
291849 100815
293124 49793
4712 76266
12338 56126
83957 405764
90401 272084
238911 345960
129560 401772
5335 337454
265300 122639
10316 46929
2404 3932
34775 73883
246753 332770
207229 394125
161459 231447
267483 125627
219440 43494
132915 34339
367052 370978
395448 297336
217396 267808
186363 394118
347444 349931
225928 175156
91629 327129
23482 268148
137121 177015
375181 204634
328435 19111
234574 407714
350829 243085
322227 179001
220892 254113
240295 309762
204754 342102
43192 4584
188949 175280
220054 291258
345942 321993
332273 207424
399734 54825
317559 289265
283605 285256
213397 108506
150909 160873
170752 407153
286414 177015
71372 327129
152087 327129
209689 246160
207796 372531
67829 372012
99255 379654
283252 154958
395298 176702
323832 247938
69743 26270
79844 285871
289487 407153
114497 162605
99662 333395
68609 257461
57295 172943
247364 332571
16885 239413
220860 290115
399954 183163
97788 364424
304108 142449
318364 399995
304115 197873
291879 181181
237661 293100
6149 31635
163243 68487
406171 242969
34868 32774
340547 74057
169872 128071
310650 36850
100878 250307
289625 146676
389030 357917
34486 404088
79677 194180
98417 327129
158248 190447
393969 45837
164478 313937
353325 250307
241197 247585
111885 191817
390918 325532
34055 59643
14745 20814
355616 142478
151337 184953
355553 250307
27256 184714
19335 16163
270535 69356
175799 309460
209754 260472
320105 345960
5405 358877
314154 267262
395073 364244
185717 174922
182170 136669
245698 1268
52520 380500
135194 230615
27478 355282
108941 290711
271966 269993
289512 327129
37437 256370
294813 188650
349967 4212
169 80353
65123 190447
337655 362151
342443 109902
187917 200361
373606 387433
8081 354576
