563642 563643
511206 512813
510966 512472
602528 594369
200806 167662
663510 133983
5103 100
648064 479854
201101 167662
42545 581
385818 385815
104637 481
193052 192539
246064 245734
11021 101
511354 510453
511402 512694
579624 575438
514210 514193
94842 485
192177 190941
90347 489
233971 233223
104179 71085
429099 428791
20628 20654
434571 116440
435538 434395
549118 51457
332912 332909
270428 270427
32076 32150
266570 265628
3794 101
16597 592
257615 220737
76520 458
651718 651720
277302 274979
460370 268382
81708 489
488488 488472
518073 633778
331351 9
43304 46007
472054 472100
33998 9
450763 450799
436387 435426
331407 331406
512202 510432
4888 4999
190339 190338
267227 69720
41739 41819
429409 429642
294622 294652
29961 582
335537 330226
662887 466587
262887 220737
496542 498627
584408 587240
95720 95705
512442 510429
626561 626562
267507 136
155870 155826
373188 373058
358931 350286
73802 462
383059 54060
454511 454051
496100 496110
520554 519998
75693 489
461278 461214
267138 265493
248882 248461
201954 202646
553055 51455
120736 120646
564535 547994
78244 482
240430 240008
80150 455
514498 514643
418697 418699
550458 550456
574220 574221
553612 51460
259033 259078
239734 239431
333262 333246
553073 51455
453690 453689
300075 282745
501377 494891
101550 101571
594261 53704
513981 509991
310223 310222
176655 1780
85104 481
63821 62301
46268 46357
20963 574
268202 111326
289790 289792
530341 55414
424601 424632
225446 221702
109563 70705
657385 464108
518400 518402
294840 294839
84041 84022
389460 389544
311928 282836
396785 394680
617242 70194
514561 514532
251826 251506
268277 266610
479916 479877
41624 581
156680 156681
661622 463660
283076 282132
496141 497830
94439 94443
42425 101
402484 401467
432068 432058
582156 582157
86753 86695
605112 70194
198440 357
69780 112044
308482 308410
608761 184427
243740 243626
191941 191940
422597 405880
300129 300125
429661 429577
248654 248468
82820 461
94446 94448
513427 515503
638381 638259
290638 290662
511551 511563
480129 470151
481585 470124
42778 9
513488 509984
99293 455
29084 29094
615319 605202
315051 315056
514989 514964
501623 494871
565397 565398
2206 2245
251991 251483
399136 394666
249012 248476
648400 479876
313705 282024
510886 510890
268118 264525
59988 59156
326714 69205
209548 209549
85791 486
365316 184092
140397 140419
89890 460
4414 574
166563 2638
541805 541806
78891 78879
20635 581
538859 541960
480976 470130
239721 239420
268123 266701
294093 293758
346273 9
498122 495215
512698 512717
45542 45529
43228 43097
73432 73434
11662 101
578053 578027
442438 442430
516603 516602
381177 381171
64952 371779
92763 459
42914 42957
512177 512160
637954 635787
28965 29413
434961 116444
124563 124544
262750 261129
467 468
511489 512688
247600 220747
103892 71100
302517 282745
165750 2654
512413 512410
261608 260462
451671 451670
605211 184465
249704 53973
561927 556321
231612 231594
511615 511550
503119 494848
30870 100
196589 196587
653820 653795
83095 83103
634074 520359
58383 55165
535877 535852
663160 463915
648164 479906
396086 394643
333147 64934
596781 596769
396513 394675
510657 510453
463649 463652
94619 461
185132 185150
502295 494848
574421 574031
99446 481
197764 360
520562 520009
444748 265184
613772 466815
378500 378384
258511 258507
240500 240003
346393 9
285455 282028
12017 585
9964 9
313914 282024
413990 414664
79896 462
43743 100
337362 353803
298190 282024
390774 390277
648081 479879
370541 370544
511708 511710
515730 509980
28510 100
99035 482
273219 273220
43330 101
167212 53524
38739 39242
27342 27901
405874 70819
481543 470143
92428 457
285749 285746
62074 55722
147073 147076
29621 29741
494494 494465
585713 584372
416177 416203
506770 507432
9908 582
511562 511553
103583 459
228077 228054
36365 100
26148 9
76485 455
517483 517480
33052 594
514083 513937
90530 88024
40754 40794
481592 470177
1566 1571
605966 466816
206900 206884
438016 438017
162176 162165
40897 9
15954 15949
69233 69229
508499 509025
511845 511849
512315 510433
49716 47759
438043 438044
284490 282132
91575 91530
103681 458
99025 98987
250127 250129
481570 470178
511663 511734
384518 384520
615575 466817
559081 51460
519733 518038
357458 331893
24277 24755
93288 93271
108449 108443
71057 97757
101888 481
16110 16609
343555 334895
616966 616974
540169 464033
147 121
21840 585
84568 486
17186 100
94042 94056
513616 513636
490517 490498
336722 336720
397319 394702
70993 70991
514634 514636
7526 7543
515344 515336
443210 443213
85287 486
325830 282042
425595 424935
576599 576650
633917 463958
455564 455241
626228 625312
97912 458
104131 482
605197 466827
346962 330528
285599 282413
183695 70164
570024 570049
359353 351332
461205 461200
267615 2233
364566 364324
80296 78448
382743 52060
41715 42100
513596 513551
501646 494863
71753 71143
305497 305501
513224 513234
493024 453774
263958 53973
408742 408716
238940 237860
451979 118091
480279 470151
284955 282028
89924 89922
654677 479765
524833 453437
400570 394690
239816 239434
354477 331351
38015 38359
515627 515619
329598 9
221687 223638
515015 509980
87326 482
24515 574
514083 509997
157605 157606
291593 291616
267504 69317
16000 16644
471483 475098
51926 51886
57344 57450
231924 220737
414718 414265
501642 494879
390116 390120
513942 514028
538567 538550
649528 479875
491583 483698
26583 26693
515113 515115
213340 52060
51189 51187
401080 398158
122845 122869
230759 220737
654701 479699
58416 58288
200723 167637
243652 243629
539741 464033
41456 593
620703 621582
24920 585
27684 27687
246991 246911
421663 52093
245810 245724
211605 211414
357349 332999
57140 57142
325469 282145
367141 364204
639100 1279
138313 138186
249029 248496
648328 479883
515506 515501
377385 377383
100134 482
244871 244275
460901 460904
15357 15524
382647 382628
201199 66478
283257 282085
665425 665410
252166 251494
515396 515415
434930 434273
247331 246742
6506 585
410552 410684
510488 510505
72931 101397
39508 594
38735 594
364092 368688
300208 282024
511154 510438
35311 592
605130 605123
656311 400992
342576 331729
62412 55722
511125 510445
103373 482
502379 494846
511534 510434
16484 16485
5625 585
468489 468466
238205 237551
627805 268371
614702 466871
502265 494850
43688 592
355634 341402
566115 566116
407421 657830
567987 568034
642617 642187
26734 26712
43940 43963
587604 584375
514715 509987
430322 166201
212062 211973
242457 240031
365945 363108
206176 206177
384235 52058
510550 291062
465662 377403
236027 234372
594947 594951
71225 71127
100294 455
89073 462
621048 623164
107305 107303
541897 538643
34058 100
25166 25285
514638 514469
51378 194287
11662 11603
115181 636
262337 260755
137522 112341
640434 640435
33847 574
479048 470666
100180 100181
246644 244271
282893 326557
280919 280868
481537 470172
513791 509988
9939 574
511806 511816
434738 434297
268521 268528
361800 361870
564350 51460
308734 308733
175061 175019
618959 619004
617262 70194
334217 329657
166288 2636
250132 249635
462782 453647
510724 510741
167189 69352
520054 520033
86706 461
49031 47448
90064 458
245181 244280
502199 494847
283880 282447
535431 535435
133880 133777
282929 282928
10845 10844
229036 228990
304917 282024
160724 160722
86363 480
94101 458
239727 239451
93967 93935
609111 608533
511183 511157
250321 249624
261726 260492
253772 53973
211978 212002
407937 1136
238107 237520
663847 663786
342227 342219
227104 227007
268889 268901
648720 479864
5578 9
308255 308319
515538 515531
605526 184418
95508 462
41362 100
549441 51457
636320 118358
243367 242649
597769 1266
251603 251512
92591 461
510624 512102
479942 470160
86038 485
303317 303311
261688 261689
213264 52055
612715 70196
99394 458
465498 465503
3196 3199
557178 557164
174176 1780
9987 585
515178 509995
28944 29439
213093 211144
76551 76557
408111 2423
373595 373694
325517 282024
511053 291059
313697 313700
95966 95968
599530 599536
515758 1266
263691 263392
248183 246767
26303 26298
22793 22812
497211 494842
50014 47448
513319 510002
538794 538643
613810 70197
511942 511955
369174 369163
612687 70190
248661 248466
134896 52064
15361 574
606687 605419
369652 369605
112359 9
523009 523151
261302 261034
34650 34652
514559 514551
277310 274111
91648 480
236191 233280
649522 479910
116900 111697
635829 635783
514093 513954
384800 54148
70546 379864
39762 100
300595 300596
263243 260616
580766 575402
251628 251479
3205 3225
448809 70189
77986 461
238270 237846
512129 291061
287532 287588
468999 519260
276195 276194
634926 463953
180441 180458
469357 469193
44243 44242
270623 270622
265102 449416
51758 51492
37844 594
60495 55166
449976 186504
180635 180497
399736 394705
80002 79981
539522 538644
266983 111326
29277 101
474623 470653
441548 47882
58828 54507
648801 479894
416304 416305
85485 481
118978 2055
398566 394643
3291 3541
439201 115
511457 512696
510760 510428
484621 484632
197763 348
504979 504929
607513 605835
233901 233475
440381 115172
255876 220737
544937 544560
84020 455
594670 53692
76369 458
323702 323886
647821 479883
649396 648138
628795 628790
513162 515192
613003 70194
535334 535358
398900 394704
501645 494860
75029 481
333610 359874
460725 460700
481458 470174
6040 6032
513568 513646
487493 405885
331536 64932
578829 578830
465087 465073
400122 394659
397561 394697
37883 37862
480285 470184
31803 31802
3741 100
514145 514133
33219 582
192181 190996
195668 195369
396869 396870
396297 394659
23346 581
301759 282024
245843 245765
387171 387170
515539 515541
198144 352
344790 64934
76656 76662
481085 470135
461090 461071
158944 158943
509246 494273
478624 470076
481933 481929
541114 541799
12267 585
311970 282032
480338 470159
118175 118177
7245 101
511368 512835
241958 241543
98303 480
570869 570871
291208 282024
407487 407498
242070 241568
248567 248471
200886 167647
165554 165716
268653 264360
394899 394704
382431 69789
246174 245758
229092 221588
104850 93988
481519 470161
634050 467059
98877 98850
155351 155306
438669 47860
10272 10404
515703 515670
323232 282836
480745 470121
510925 510889
425669 424636
252046 251518
60434 61069
251516 220737
482265 482268
13021 13441
398909 394666
72851 480
501656 494878
511908 1266
86003 480
17479 101
383802 52055
399168 394638
510456 291061
537501 536238
320523 282024
648004 479872
296483 282024
661860 463915
382546 209
498150 495215
434683 434323
235823 234292
188878 188877
594343 53684
501544 494895
15612 21473
451067 118090
106129 461
359458 53981
241654 241532
198272 352
604938 184417
73717 485
649306 479901
385635 385624
83594 461
9094 100
114059 64896
137647 590976
626359 626355
396915 394666
514286 291058
332267 53981
233979 233208
515089 515061
378896 378894
220028 52842
292286 292284
396531 394661
589140 589144
93264 91616
406289 405946
240529 240003
37325 585
10168 10244
4569 582
248841 248489
321938 282032
401116 394690
661296 463668
648682 479855
365275 184089
512768 512744
475750 470666
515373 291062
235460 234487
23494 582
391806 152960
552337 51455
388175 387912
606086 606082
289360 282024
501385 494848
352047 332532
465540 377380
401003 400979
605420 184420
441815 53212
45197 594
502002 494873
480543 470176
377308 377307
212519 52055
8620 9
58323 58354
513349 513348
280 47119
347514 64895
250241 249648
28108 593
479096 470076
510295 291067
422547 52066
513286 513288
507589 439924
509543 1281
82927 82904
547514 547513
356682 9
429853 429403
648335 479911
391897 153362
16969 16968
323552 323553
154142 154138
87209 87243
78337 462
61507 55723
31986 32020
665087 631940
283347 282884
19768 594
654877 654731
30596 101
137768 363029
421950 133942
84303 84272
632887 518068
513511 291061
512878 510441
350055 330283
514592 509984
476946 470653
470741 470736
297832 297833
194295 69955
167979 2638
105635 86630
636977 118690
124610 124479
86044 86006
510950 510449
660721 54700
553101 553105
261608 260483
236228 233607
233793 233328
6406 6857
71975 71121
52085 52066
302333 282031
511868 510429
616352 616281
511561 511581
502965 494849
41957 41953
383344 52112
89315 89318
375654 375653
536523 536487
312540 282836
134652 52112
55749 61903
132571 132563
294832 293758
134803 134308
651439 651440
9225 9259
241889 241540
268227 266702
403125 54446
38832 574
46314 46401
477586 470666
624451 621616
399267 394699
291 351
451703 51386
576488 576487
655856 655863
163433 163422
615616 70196
538245 468889
333358 9
3876 593
6376 6342
510478 512234
648621 647643
134702 134299
16786 16872
428669 428666
13020 594
255946 256000
494853 494896
94717 462
268453 264321
250312 220832
288908 288904
512242 510451
518079 518076
607971 605702
94215 460
471274 471284
511901 510454
318252 318261
47621 47633
238046 220737
80991 80442
517829 463627
122246 122195
92358 461
184458 604992
508113 508117
199024 167664
400596 394705
422781 422770
515031 510001
93613 457
56936 56573
313152 282024
515429 509992
410553 410554
563226 51457
648062 479890
86581 86542
163147 163148
501291 494730
2216 1714
206917 206854
309152 309278
44819 44946
300144 300141
36576 36802
607798 606073
251620 251536
357688 332849
250247 249625
613224 466818
513422 515523
26010 100
79298 460
75691 455
138373 138367
320161 282032
649643 479903
338110 335270
636435 118361
