459931 48667
421007 419163
420609 420655
430398 1142
171459 145314
541457 542453
8757 8758
388351 107371
175793 175792
43616 525
335949 331012
82663 426
551 552
205394 207056
15084 15682
420961 419163
420785 244572
470021 469604
422401 418723
99026 427
164892 164893
93263 425
198906 50851
84321 84301
222818 222824
23898 24398
372389 45627
375578 109497
456095 48664
305755 305751
224499 49107
34178 34710
221534 221290
6933 6919
20378 21444
212351 211963
93589 405
531380 396167
225864 222702
479168 479034
75176 434
412638 407636
514650 514653
302388 9
48720 48689
397488 389333
35309 62
390516 390518
373900 48607
286956 50859
421403 420100
8421 8416
161817 161816
224698 63760
40809 40830
823 975
244552 244555
32553 33139
305607 305587
540274 540264
217591 185696
413361 407659
474333 474330
69252 407
421495 421448
385625 317006
225141 64079
132799 132810
332397 331010
323680 50986
78578 402
334766 330988
389310 389287
413063 407624
425023 424520
73562 406
396437 389287
224246 64067
209424 209026
178397 178406
453740 453742
112128 112050
461010 48667
92562 400
202761 202681
70107 70084
422648 244566
365279 225552
452670 452666
463403 48662
454763 448917
212480 211947
202061 185888
304909 120031
453796 453808
509106 509325
246346 246407
419894 419159
88958 88931
481434 481432
421990 422032
276800 276795
154081 153901
85856 402
75393 406
74 182
25354 25352
221745 221429
239728 236686
388319 399571
108344 45621
191946 191939
63989 63988
533406 533407
424760 418880
244581 236384
69384 402
336315 331025
277582 282414
339086 51618
498638 498715
423172 423987
210895 185790
224362 222043
520655 384273
40384 61
105082 104852
537038 537065
226819 231897
413214 407645
65556 65544
42291 42288
121058 121056
377412 377406
471705 471691
72563 400
503275 386493
170094 145290
105478 765
276157 278788
504015 386497
204625 204566
162422 161609
411661 407611
245641 245642
370595 9
209241 209092
87252 84065
97812 90715
423131 418709
518221 518208
239532 236474
420168 1142
398035 389289
405017 403722
43912 537
423030 244565
99083 400
30846 31378
504083 386550
286870 278782
422230 418719
413739 407637
461367 461359
4315 4895
211015 210071
350251 350182
209428 209037
530174 530143
292092 292090
419979 244567
221602 221202
69866 69878
291918 278558
178930 49210
89525 407
325983 325858
126945 126960
83869 431
7290 7273
149993 1540
444390 444381
83524 426
24583 25159
446421 446409
402197 402200
201908 201355
221665 221244
238633 236388
285633 60280
413466 407644
421533 421554
47925 47917
44411 536
80328 80327
16026 62
469445 469438
382026 382002
424438 424427
334565 331024
378437 378434
77053 400
43842 535
421349 421345
518213 518211
31605 31577
373427 373626
115540 52163
216322 216278
76178 431
420824 419154
208061 50851
86051 407
264711 237009
146394 146136
421484 421486
212622 50851
390675 389701
505445 386550
212176 211945
458311 456180
196818 196297
420161 244568
419860 419845
33811 33824
385235 1142
531626 396153
87521 87500
516009 516066
68554 426
431597 431491
541136 383887
526973 526983
352475 49206
319935 319930
481815 384332
337352 337346
419609 419151
337018 337031
94420 97887
159426 158161
403115 1142
464329 452202
77722 431
169881 145300
386421 425595
385327 385295
500051 499922
333241 331011
212352 211916
202819 202662
310095 305112
232329 229319
16676 537
13414 517
294644 294442
362630 362567
98121 430
44323 537
303984 48241
236751 246417
336417 331011
525962 526001
331181 331013
420325 420351
424379 418715
31375 31380
99481 427
225186 0
46885 46884
156168 370991
38573 39063
31223 524
356478 354966
403848 404743
95455 95459
226432 226410
70638 70626
126247 110122
32570 33035
1155 1147
473431 473450
362915 108171
420364 420378
11496 528
420179 419162
71701 71665
195620 195125
36652 528
29310 29292
81522 400
64489 157915
34830 34822
422934 422907
95207 95219
39704 536
407476 407477
3472 61
502913 496748
178889 178755
383500 383127
142454 142455
39245 524
19490 525
303217 276233
420416 420451
420271 419148
421494 421445
59462 52305
383751 383963
233388 233389
97570 425
73305 73257
97644 404
212105 211968
404816 404979
420279 420277
335475 331026
496610 64489
456073 456020
424809 244570
322467 321205
28362 28388
98870 431
104549 104448
83027 70693
82918 82866
22032 537
310764 305111
505601 491332
436888 401292
371299 371304
26694 535
88336 426
22745 22768
71091 431
422694 418712
412860 407634
312421 312400
343800 343788
99822 81618
422613 422482
11124 11148
423689 423647
411479 407611
88490 88489
297021 291754
368498 45608
469299 469118
417522 367124
536506 536475
507380 507376
102459 102461
95709 95686
500563 386495
287970 287971
233401 233482
158515 158538
463485 48662
50421 50423
396383 389290
218876 221888
325549 322970
84671 84670
335388 331024
41658 41665
422665 422654
414219 1142
77302 70625
274738 237046
421726 421753
413010 407661
221172 218765
362015 362001
201892 201347
392740 389692
398536 398532
235910 235759
92974 404
531721 396151
428382 427986
352931 121451
202726 202699
305582 305586
38396 38402
424130 424179
302147 276147
190827 190772
422077 424199
91791 434
28150 525
422938 422945
134666 134559
240907 240906
224890 223134
22491 536
397553 389283
51459 1659
65974 65980
197340 195405
362863 362551
414018 407613
336395 331023
422722 418720
487242 487233
531018 396159
412857 407637
29803 535
423472 418730
189827 189763
224919 97
353383 353403
114179 114264
196578 195405
531926 396167
67998 400
171515 145315
204279 203661
439043 439026
40244 528
395948 395957
28560 62
30134 61
209478 209098
366020 45628
206763 206468
179945 179323
122682 63762
63552 63447
296760 300715
330244 330245
519718 1142
125102 125196
209472 209085
526603 526530
423917 423916
506240 157928
93355 430
205974 185818
396284 389277
18071 535
334796 331025
177390 177378
226804 231776
544705 544708
211484 210118
423720 423750
159505 766
207746 185708
10228 10331
362585 362806
419593 419164
89464 427
39173 39158
38698 61
330762 330761
246229 246235
419297 419201
36432 36565
496376 496386
534078 534073
308600 308599
74162 72344
419481 419489
100547 434
403127 244571
419917 421507
17366 9
9319 524
396708 389285
201276 50851
509306 425306
503610 157888
417054 417056
44534 537
325134 50994
458570 449070
535702 396060
461809 461806
519774 427811
29744 29904
44326 535
473092 472958
422126 244569
370436 1033
181574 181543
203965 203674
330641 330645
178407 51233
335172 330988
419727 420595
506756 496668
201026 200866
481147 481145
79118 406
68292 68276
74364 403
386254 386246
64196 64236
426951 426950
35733 517
28940 536
422108 418716
168106 168091
15919 15914
63293 50625
215202 215183
123262 49205
520427 520497
34830 33400
397996 389297
88282 402
207211 205115
303130 278828
224598 223710
402998 402985
422273 422345
13429 536
419812 420596
371447 371453
383720 379053
324799 323017
460443 460431
276241 60280
153983 153703
505725 497410
498638 498653
319586 63592
149145 149146
209524 209059
430123 428000
420135 421439
147347 106661
426834 426812
90724 430
52375 57622
94552 434
206626 206447
416518 367120
229101 229102
431148 431154
119581 119503
297147 60280
15354 15356
195848 195178
237953 273426
135550 134553
71885 427
93626 403
201992 50851
87068 430
498068 157885
419390 419465
210491 210071
214462 185696
212241 211917
180557 49208
358971 358737
201210 200870
543469 543444
306229 306192
193158 186458
224909 63761
530582 396137
9201 535
274866 274867
423984 423967
489080 1142
79514 79445
39947 40228
452412 448917
518864 416351
204009 203686
482520 482511
210594 185778
87274 87266
420573 420569
408881 408886
98161 405
267570 236384
221518 221253
189410 186540
505292 386550
93955 406
518985 518610
2856 5489
456235 48667
2212 2214
13643 535
423482 423506
32000 528
186155 185722
85109 406
361016 49342
332533 331023
297015 291829
419999 421538
283718 278147
71161 425
482864 482233
424341 424354
219837 219463
208652 207389
29098 29782
25956 26681
413516 407667
60168 55822
421921 421896
440718 440713
500740 395946
421329 421334
331005 331176
498693 497363
209245 209097
365470 225549
18730 18709
503321 64493
331237 331234
332340 331000
275552 275537
212575 211925
36039 535
422516 418711
224185 48609
86854 86839
201103 200870
531094 396153
376808 376795
486532 486537
422018 422000
336165 330966
334511 60954
39676 62
255445 236934
217660 217615
471591 471586
210747 210110
7948 528
519154 384277
68154 403
201822 201328
421387 244566
239843 239842
428175 428021
225852 50586
517876 517878
155034 154867
396947 396127
46361 45265
225708 63689
388592 388471
571 61
38184 537
71503 69346
50663 50647
158087 144974
121377 120815
70321 400
438359 437858
221729 50851
31388 62
397724 389310
381758 381767
69355 405
530612 396185
365041 49350
88827 404
359939 50485
346919 346922
6529 6532
382070 382114
420805 420827
419333 420822
410834 407913
169824 145319
420424 420421
493543 493547
198448 197960
377057 377050
212313 211938
449267 449180
88025 88035
480556 480558
85763 85750
295589 283053
416361 384275
530991 396166
386315 447938
422268 422332
499192 497606
430902 430903
347722 347415
412211 407625
81074 430
321633 321624
389310 396224
402754 402541
9434 9703
422672 422669
407628 407646
122686 120740
469440 469443
396489 389306
352430 120817
343480 106197
37723 537
377297 377182
34242 61
6762 6790
421736 421744
34899 62
162979 163060
168594 221
342074 342072
337095 333008
27968 62
261086 261088
206952 50851
335978 336010
424093 418704
170825 145301
311774 311527
81813 403
402225 373254
396304 389278
135297 134954
419567 419505
397910 389293
518916 518915
443992 384332
17641 17632
286371 282424
401854 372610
105485 105481
12171 12270
420841 244564
203576 201334
81658 430
463847 448917
243007 236686
359104 358968
203938 50851
209014 185696
175458 175437
145432 50476
225651 223941
333071 337056
334765 330970
205250 205256
196573 195204
100280 88173
402782 402778
515431 367121
99102 427
126670 126482
381826 381864
14223 14927
424290 424296
301730 292518
401819 318731
419956 421553
108397 45620
211365 210110
73898 402
210494 210118
408812 407611
17540 524
349222 346671
75400 434
415505 415373
421307 419164
90583 427
22977 23061
335062 331017
351166 351165
419220 419259
395860 395864
279293 300315
384140 147726
269546 269545
538023 384397
334729 330987
413307 407667
372936 212
200058 198913
161446 161445
480674 480669
413715 407619
25405 535
389696 391015
98109 88281
319570 319568
203176 202689
169928 145291
489716 489706
71970 405
530762 396144
335615 331023
99652 405
12714 525
106308 64484
477851 477854
507167 1142
342425 106925
422444 418703
306761 61459
199796 198924
423350 418708
333318 330977
190579 190544
240085 239885
338675 51225
477097 477614
96492 96432
356473 356469
203010 202682
36908 536
14568 14570
7311 7617
209246 209060
282821 301397
353611 49203
536752 536587
530480 396158
326860 326861
421546 421518
397618 389300
423796 423799
200049 198926
26711 525
336784 330972
453707 453706
336181 330965
494363 494384
236999 237122
420453 420379
321404 49202
496756 64489
534093 533912
492576 492570
381780 381726
46884 46890
415538 415520
401826 318733
333036 331017
181551 181550
12418 535
65987 65969
418726 422129
381895 381892
315536 315529
209661 209094
31195 517
398023 389281
420485 420495
368455 93
421940 418726
420398 420435
516250 516248
74193 74175
452399 452384
306833 305091
370342 365660
529340 526551
336961 331025
22143 62
294108 292962
478281 473063
91648 91647
82414 82048
72901 72905
4272 34030
543624 543625
226704 231634
24359 24351
531968 396163
34444 535
325413 50988
366665 1484
78821 402
417608 367124
423090 423048
421665 421685
102892 102891
422567 422481
397662 389332
397471 389283
245049 236384
376533 376508
109877 109874
99148 406
396054 396005
115803 115684
82620 431
420681 419599
396035 395988
454316 454386
213444 213373
201130 200854
197776 195130
10238 10512
77514 66854
476 478
264558 236384
421172 421212
496501 64494
419315 421487
419149 419139
41340 535
334472 331012
71812 400
332582 331023
431751 431753
282324 9
120630 120345
70070 70085
118318 105013
239992 239991
121126 121020
531521 396133
13179 13174
187910 185696
224637 64067
355255 355322
38359 537
50376 50455
397869 389315
506388 395962
351554 61877
169578 145301
389923 389701
467185 467207
532161 532159
144008 144013
505054 157916
436832 378417
325271 323987
6820 528
9880 517
420657 420635
530462 396133
119831 119821
22131 22653
369176 222
17182 528
212328 211952
413631 407669
77356 65267
224469 50562
210006 207786
233785 229139
421411 420096
515078 375901
495555 384261
87480 87451
397108 389290
421348 421364
288156 60280
53867 51845
201152 200878
86875 86889
483551 483607
113804 113734
86394 400
487722 487632
510633 509477
171115 145300
352415 63692
108440 45606
423317 423288
96799 65252
61765 60275
288730 9
423835 244565
362578 108170
459618 48664
524356 524341
95273 427
144028 63710
413610 407646
361364 329469
178811 178758
276292 279078
46633 46632
245697 236389
37038 37034
494683 494682
210615 210058
322732 121948
209700 207664
499603 496671
423125 423051
29275 528
83887 83892
81127 430
123696 60641
289618 289699
531048 396142
305017 120642
517750 517751
