112153 385158
378168 128118
203491 107226
92966 428916
246005 319772
501856 327748
18095 108006
357218 489575
509388 364568
300879 214244
306689 423064
108995 186300
542499 450723
526126 122309
251514 485023
526275 28086
266379 53087
103578 527418
81655 124643
487917 477315
507918 262285
486296 90818
296633 430085
64039 307270
511046 254699
499312 32887
144351 408942
68483 500409
366539 541738
347326 445032
156278 469836
431787 252173
184898 232659
380079 142693
67209 504662
33854 296498
527610 139624
357770 11508
539077 216547
540803 346525
393646 6412
47038 279243
357077 47992
459913 477281
191035 288285
62387 296588
148526 4996
513759 361604
404557 276014
402099 460118
305110 67594
298564 433892
540788 255109
461066 526648
537591 197645
339776 8674
320464 377989
31014 273973
40100 169852
64593 434131
178165 247493
267619 309438
497307 414744
198126 63985
422141 445249
520547 494506
240284 546554
342508 432951
516762 296284
227363 515369
3966 139624
289185 87610
352200 89100
272185 22473
381083 43780
36777 149358
276984 335804
280299 546554
453519 317603
62358 422809
168559 419016
29522 320078
503041 147583
355422 125573
103017 546554
353206 90818
62213 368068
314609 533564
391790 242119
314433 4286
458429 419528
524110 44148
478344 521173
218235 525419
466949 233561
301237 32169
57454 279152
525925 184922
127810 305759
18004 408323
441363 409991
19925 709
364806 43459
373410 186300
238035 271870
145733 455638
412761 131348
532639 131390
359085 488200
378129 149509
498647 210576
198555 101683
467644 305759
167601 413376
26597 43780
533772 536351
380012 90818
523061 294648
10075 709
43503 348642
218355 324928
43815 344515
277361 262527
370849 529247
372742 89539
327075 413782
166468 538714
167900 541425
372079 34026
486157 221709
134561 368416
545197 87955
129089 37027
494919 396759
511573 458721
2115 6412
67478 80298
183989 83509
531885 425444
440470 162228
386455 134568
285703 366321
89180 525943
222967 161231
245719 279152
8989 20548
512561 175807
194932 305759
235211 477315
217581 16352
142832 429911
406683 88406
191498 348771
536368 243054
326822 482307
534285 4615
510796 352397
232341 209413
532043 368181
517955 314053
413735 97090
12433 343744
269575 193556
56056 291024
111309 142693
28777 92289
329574 39321
117946 174171
250868 489575
428587 73781
258302 235014
429021 331317
370334 186300
525904 97090
218337 347995
487364 305759
421005 515369
265595 240335
272290 63985
287136 423583
333472 34435
205918 202750
23822 274490
410995 108006
221364 216297
494446 90608
409881 15887
257914 381553
8274 356701
420511 97090
548043 258708
481312 419859
400739 409773
141810 4615
353204 74723
539304 32887
385841 89346
360273 427367
157772 403401
539451 19851
322438 122035
300736 90818
335126 171309
177369 65773
163262 114877
444138 302897
53560 460889
355755 285031
178144 547718
242454 274490
434514 225465
179168 516426
259253 531514
136835 206897
292331 65094
231712 514188
127790 296498
62588 79797
520779 314950
429849 546554
374230 291024
515461 475477
106955 27844
100189 340085
372683 453484
432741 151847
195198 80326
336664 116287
346986 395195
35960 477315
420492 77686
322796 219824
102377 477033
615 505722
262230 515369
108002 266613
490451 372913
486590 402835
140361 459172
103080 529387
359693 99516
503561 378772
540856 228448
407727 78505
323685 313076
321390 129059
511118 490541
291464 133084
373823 161225
433133 235982
45452 399838
284287 235880
327692 546554
228111 327045
532607 32887
134573 203693
335191 525805
527009 63985
323569 297593
60147 131750
240563 44075
19077 495562
519238 361697
132188 380341
463216 15181
250563 403425
437954 108006
373428 274490
176905 464547
137162 80582
163644 244771
346492 423583
257729 518525
305429 498339
62640 400884
447948 365734
394314 469836
149615 116287
520764 501864
250839 252173
24193 32721
213657 77475
109457 327045
235204 508101
525899 537256
499932 441089
190342 90818
230727 148111
422468 545324
24043 327045
71464 451710
494002 183631
325836 252173
399618 246943
440552 173386
472090 539186
250857 502567
193849 108006
360881 138932
107279 171020
277075 521765
422695 520513
209239 539186
520541 32887
151335 71148
499703 225085
151354 146111
241331 134604
111352 186300
12598 312135
162359 500280
309620 63985
73101 90818
235213 432125
322465 509630
501632 290165
455024 189221
236408 187749
95280 108425
308100 291024
514436 72816
29580 515369
107530 252173
415888 186300
424976 474393
504991 520008
342001 64532
359883 327045
272493 430514
76236 108425
466489 431027
529071 314928
156480 270468
364176 407122
402974 253992
443784 274490
190566 439512
508618 481052
212781 122941
35948 114016
237877 193469
333960 167894
113239 32887
150161 96332
242906 21956
287579 186300
293763 97090
360236 475477
190559 332239
314482 495233
489962 429170
13931 129725
247698 186300
178613 105801
470354 542174
53872 169852
281056 497492
515499 166847
525168 468143
518543 20528
284860 78478
263371 469836
183362 404095
410003 529209
414754 4100
70232 170984
503790 426745
85662 3259
537762 451710
166311 248625
441160 262341
435031 100284
253724 85360
1368 46553
537387 50786
451596 502375
288609 207269
112867 359514
10100 175266
313139 317688
201549 151177
185869 115489
389227 494840
368073 460118
489616 493375
530721 130290
84222 68777
78735 181359
33629 170780
40254 54276
266848 327045
481605 403425
78140 191579
428367 313902
303702 419915
100968 229432
524527 69346
167637 522806
71398 192361
57233 33212
223691 327045
280906 163797
160565 331241
10963 326789
519621 395195
416877 175755
332449 117459
79598 32887
132452 139201
338368 525422
100965 464194
58098 37027
136855 135431
185915 33791
340746 199586
159167 299902
315374 415231
97459 185807
55271 23840
347317 307793
498299 281236
492203 142693
2008 423583
524034 281546
530412 84746
476074 519994
310005 152001
484991 457302
69427 186300
66934 114576
432652 432328
38068 346173
376672 330896
116319 20026
413259 408621
481530 181548
85329 70654
140345 186300
134800 191728
523928 311578
285452 10546
17628 410216
177307 408421
104623 149291
541628 10286
382556 546554
292361 124057
181646 170311
185490 235135
542804 108006
300674 382999
486590 219447
479130 451710
451369 252173
453511 252173
207647 525629
709 424727
503593 325058
116589 327045
442710 303162
395525 402562
54479 460118
284558 31142
409506 69504
287199 63985
393026 250628
268857 464095
179475 417766
180988 343224
419987 132779
221365 172237
304479 242727
340370 134568
49874 496096
71941 300149
279029 120060
90349 399052
481400 41517
387197 535989
465406 536004
122951 423583
523422 66378
175374 128295
410724 124753
386822 507978
60113 357404
1542 286840
260842 251838
177845 289384
521973 427118
118892 496791
347059 463737
301073 150802
347870 502827
266714 84291
353043 6412
311789 186300
112874 158256
171933 451710
193428 191299
27503 417766
454815 521906
525854 260074
23783 58379
4898 242801
474892 305917
233294 546554
94959 668
216655 30713
117530 423583
43997 217425
352454 186300
178168 222149
56424 460118
115395 268261
357690 234227
499404 426745
105696 252173
55875 302583
17276 371927
188352 509430
131352 324752
146381 228448
327060 540263
306694 350253
30628 80298
270012 43578
99151 281464
258571 253970
296708 13683
104551 256739
368551 2062
155021 459455
475557 517860
76892 392440
206130 468978
270863 63985
394338 127307
218723 260449
462352 178976
339692 217489
68782 303753
414377 74705
467485 228047
405273 364664
218852 79126
316623 51454
206827 101154
88403 477315
342102 453905
542134 29155
490338 317431
403744 375253
44877 166240
89028 82869
507460 425533
125038 494080
245751 378923
81062 469836
56290 241069
65761 460118
310257 383346
440280 223044
444591 141545
350497 240458
167125 498055
91814 426745
219004 267253
458987 63985
18067 485636
511836 153518
193781 446159
48275 331353
170862 205563
396749 546554
17630 470548
339437 547935
95606 362193
497373 477315
274948 709
539393 425971
488057 15218
341677 314950
128640 283729
71413 395195
286178 423583
462491 390652
439394 340597
547353 142693
489533 327980
444138 339756
268978 15218
64039 139219
189235 462208
181663 185441
45979 461936
279150 159896
85315 420011
161914 374024
267899 498910
35403 541614
444352 377109
91615 203944
408890 423583
300805 108006
280521 151358
539365 116287
545438 495478
275153 88436
62796 192788
336878 159124
266433 515369
72324 465701
299353 111703
465499 243403
463995 108006
78825 250633
198274 368525
285379 108006
80215 82776
410144 418599
148032 265936
125867 536061
254156 11765
187577 210235
245449 203757
343726 454887
518798 48527
246088 445512
90375 411492
476235 29880
524299 404326
75611 521876
129207 248625
483992 15531
525334 194075
97179 389654
34949 173736
399633 101511
280500 370867
175958 340635
462394 13957
368357 477459
455088 109705
58861 91136
396225 384735
529881 79312
173089 528330
232849 342139
224519 546554
381947 212496
345394 47247
198076 439347
201446 186300
399514 153130
231627 335904
319976 500157
129661 139624
50993 382594
59829 331317
118087 464340
484366 251646
513934 436669
102212 401400
540984 463144
540547 60142
4057 228197
59189 305610
9047 228756
3784 107225
402641 49179
434514 395195
512893 292673
271325 251288
341237 369251
134688 76879
338090 310838
151160 42511
309385 291651
53075 286511
209484 319684
148074 477315
62417 177163
270050 451710
443278 97090
543878 67302
454423 255021
38402 147370
447791 143887
17442 416689
361282 508771
147043 287869
514383 71079
127650 275502
69821 400670
398859 310425
366695 1909
532644 11251
543709 401203
280483 400136
425659 399829
531731 395411
351273 381431
509419 214688
294717 287869
260258 518525
281096 457626
485440 417766
320206 518525
520964 130290
38691 252173
280471 255109
204087 313461
165276 244181
178670 157812
223317 482275
390162 417476
279326 20909
430506 115924
29733 216072
237290 512753
382562 521700
17947 186300
404532 457626
207957 120580
270663 238452
234100 292309
412558 369174
516316 112452
327375 27492
245403 32887
393827 192338
196643 457626
397089 198666
125345 19098
53321 516353
264671 492453
231039 210235
189250 204685
120907 26516
282186 178560
33981 254117
498450 531133
444460 254759
101014 9728
141519 2799
542984 118947
383869 383429
165100 523033
222342 343721
493532 263962
318607 215451
204487 492398
470736 470957
487443 232071
337802 68636
387558 518525
302424 132288
75978 171625
280899 541393
274793 62663
43817 498294
328815 499931
469488 95411
172169 469836
292710 314174
452332 432445
16363 408816
91619 305759
483686 251780
512465 300027
459992 323539
295599 417766
110448 452906
175333 367577
427230 394613
61172 374572
453380 460118
542034 236494
45413 177050
429313 147187
253987 225128
346162 281899
46143 45605
201412 479683
231982 360745
131027 483761
212331 142197
432764 108006
256981 274798
160770 6412
348898 366649
325478 51969
519764 35562
26814 110813
36770 186300
483498 236494
484436 23544
425362 530212
441994 495375
15941 179660
524563 329435
520310 530185
139376 399167
545438 471898
271240 330959
474553 151696
337590 204882
199634 527494
416064 143728
433199 238356
60341 150915
352421 420600
389438 276406
332040 399167
335083 459504
535496 518525
190236 259807
220785 32887
512952 531133
136957 97090
4865 186001
195265 544698
328628 372742
355251 515369
491563 433932
33522 21710
205183 19953
497959 269556
465387 518525
309115 294648
133074 116203
410353 55433
507825 395195
11909 277292
378072 102441
86700 432328
40527 324928
216113 68734
495757 308107
309160 191477
452839 238235
508690 469223
167689 207269
439673 316763
375321 525410
504128 105609
334099 116287
269798 38151
12016 211192
92182 515369
404398 513237
411046 32887
98208 104066
160841 394613
332134 142345
330046 395195
309740 486282
402930 107522
248576 289883
486205 482394
16261 233874
93167 1394
541995 201776
375054 475477
491384 32887
249743 231946
427412 334996
416027 347848
184267 12407
208296 111879
447154 200276
82426 140256
197778 4946
379374 417766
410827 168721
191813 252173
492017 293274
489007 211535
40468 451710
188630 276598
200739 134596
479555 387518
88228 172707
183426 210957
302879 33522
290827 363650
546853 494572
167140 402344
297844 407394
405131 305759
181645 230644
473410 139272
2188 125573
289348 505358
380355 131084
458931 121795
113790 546554
30895 332952
275490 22929
508179 327045
324337 219084
85703 249962
352052 11684
356925 250906
163105 324928
246147 382322
439004 412084
456873 380935
380118 36504
405261 477315
299307 495639
538905 35767
544488 384654
272949 410369
309383 122681
293508 255888
209350 379885
453851 221
336343 132875
92356 32887
292147 178356
471828 180293
223038 514488
127993 75404
238639 108332
74890 165947
425814 78014
90155 174345
252546 477523
17267 360948
401496 291024
440416 542743
403298 127872
354680 480175
399211 253120
434856 388957
101660 32887
20008 423583
378149 225465
327154 141545
300066 332771
7414 423583
521900 250894
175439 327045
136510 439640
29099 26256
255214 477315
459269 469836
352456 298972
367647 194749
299500 24755
407880 467754
543788 175152
23433 451710
252575 399766
129088 128118
367202 477281
429917 262621
149458 282863
171980 139624
445535 395195
150025 228020
397753 63985
481708 33000
6948 107825
401955 465324
211615 48985
332249 86351
255574 240056
400077 3929
142445 242339
547167 5273
162913 390997
398847 283758
537571 499586
149286 477033
447940 152443
421270 191477
230098 27462
249442 388820
256559 520351
295301 460118
214398 72462
274430 427334
6791 508015
128527 535662
6566 92006
74841 76313
454348 324426
207320 324928
274834 479287
353440 185821
145914 51337
64997 494054
146595 38917
257657 97090
184003 360329
273975 169852
140977 452326
