557749 557719
490277 490255
489866 489926
584962 447019
204283 51752
633348 602859
6770 561
618716 617971
204557 51757
43218 45418
385102 385168
71853 444
192458 162329
237532 237391
16031 580
490645 490618
490617 490616
574173 574092
490310 279526
71772 447
191717 162316
72562 72519
230111 229801
105425 468
422650 540
20341 579
425522 425508
426393 46802
554873 554850
324031 318413
257368 253884
33416 33417
248155 53610
5674 569
18553 580
241999 241651
103872 472
623108 623091
257465 253698
578966 177935
76491 448
482138 482137
604121 603846
340878 320078
53591 52218
460077 450145
35431 568
446177 446380
426322 426323
336736 64286
490906 490982
6542 580
190871 346
253101 252809
44699 569
423191 420796
269434 269436
32221 32305
338992 318976
632663 444295
245786 245728
488114 487382
576239 577515
93034 92986
490883 490994
599487 422834
253275 252819
134323 69427
378116 378105
369956 130850
104190 81613
383460 379858
450409 440817
484437 422829
520971 520972
95835 447
454136 450624
252993 252951
238997 238723
209305 209416
553375 553397
66099 110880
559887 559886
76649 447
232279 231859
73603 442
492146 492144
418369 418182
548548 548514
568217 568218
554329 549599
242162 241683
232141 231893
331535 318569
553025 553445
599844 599845
277070 277073
488001 487952
92424 447
579349 422789
490374 492440
299754 299753
182206 182207
90262 468
76516 473
56057 56028
21301 90
252028 212936
258696 259595
531796 522544
417037 417039
226622 223671
109261 109260
556930 391600
513875 513871
271273 272550
94087 469
386041 379900
300436 270574
389396 389940
591771 591772
487092 279521
240885 239829
253077 253025
618445 459259
44604 44598
135511 135000
630876 443916
256714 257243
484257 484098
70032 449
45244 45246
408299 408427
443660 437524
574442 574451
94446 94413
587922 69224
199812 194474
110595 68825
292626 292627
587278 177925
236415 235985
191697 1481
480317 473045
277141 270570
424319 183
238881 238689
71999 89522
69911 70716
492484 279521
430664 430675
259063 263393
489326 487375
461571 461616
479569 473029
45768 572
69223 177896
94620 94612
30816 568
587470 587474
309116 270566
494501 494500
487495 487443
560553 558108
3001 3007
241734 241678
403836 403893
239146 238699
619343 459214
307338 270574
489719 487379
215397 211967
71175 469
337511 316686
221001 220918
93334 93343
371220 53764
133625 51753
91665 445
5723 580
169569 169543
538894 51175
86681 467
20791 561
539402 539403
459093 459086
232009 231869
250762 250333
272269 270978
325355 320946
488107 488108
490888 491037
50316 50322
46265 46243
80072 80085
16310 568
567341 53349
441415 441385
514724 444402
381691 379840
431969 431989
100056 444
46066 568
491032 486947
608973 607553
31432 580
113725 424613
112201 64313
245380 245352
76743 473
490012 490049
238327 237386
71486 469
273008 273009
163059 163033
490935 490927
242299 241668
449235 449228
591046 363455
241873 241735
556727 391602
228568 228190
489253 489252
487983 488812
32391 32536
443974 437523
624338 459071
90432 90427
605744 444336
70331 70123
531249 531278
633398 633557
619243 459226
406617 131866
358540 358541
581689 581141
389075 388767
489158 487383
493126 493124
100188 97939
188999 189003
487736 487710
569104 569105
95896 445
198604 198351
146303 146309
443943 437525
581826 177896
381111 379886
242150 241691
232370 231900
346981 9
257721 254743
16800 581
14174 14226
308911 308912
417815 114827
88201 88177
46325 46468
343164 343145
276784 276790
386178 379858
619173 459216
376837 376835
488872 488866
514301 513842
30694 30784
90146 444
256225 68765
49317 47588
420346 47694
39445 39475
29580 30087
410491 410665
476033 473018
96997 97000
256507 178165
72947 467
133704 51758
32152 579
520776 520829
567653 567654
417729 417549
488426 489662
11700 568
489378 279523
79673 449
226958 211967
37722 561
26536 561
81469 469
515093 515092
33922 568
491535 443812
96886 446
41591 41974
479630 473066
706 9
587268 69228
216807 216773
441465 441530
151746 151190
42626 579
17473 17932
336306 64286
488427 487374
489000 487398
490906 491006
62360 62539
441569 441552
257881 109905
87151 472
90801 446
98838 473
241814 241707
479497 473053
488960 489009
384596 379858
567119 69219
555862 555868
180778 518047
368145 368081
24207 579
94937 446
107730 107731
88161 444
105036 442
18831 572
346778 339755
592325 594208
532701 532722
424871 47683
22971 22977
90832 90838
19562 9
99348 448
492075 486929
483185 483114
354134 354100
394422 394428
103539 82497
129929 493460
6341 9007
497577 496759
480237 473042
90893 473
329005 329004
67439 67430
570384 1238
603603 483991
630687 444014
599416 422838
98712 473
78385 473
577698 577679
329111 329110
256493 68767
186436 185624
565525 564408
357590 108003
455080 450615
252223 250434
368450 370242
88725 88710
384132 379889
43212 45196
492096 492106
487699 487672
78682 78660
285837 285770
490502 490554
484312 484316
247690 247682
417545 417543
232000 231889
449656 449750
462438 885
256304 177208
96507 444
625253 386136
527037 51172
406771 51854
232262 231892
321419 317217
38536 39022
511144 511142
338385 324806
226452 224937
463368 495160
95421 446
24198 24259
491542 491545
136588 117102
265492 263756
253211 252767
18964 19079
460168 459476
61064 55265
68170 68122
229184 212812
417831 417524
487675 487578
381845 379892
491753 491701
446997 177898
621730 512766
482779 482775
28501 9
496992 496790
225314 53610
256056 257243
131006 51762
112030 113650
228509 228251
443179 625190
69524 69517
204219 204498
236344 235985
530005 51172
44274 561
599155 484074
25977 579
29675 568
239206 238746
421600 47694
236484 236003
221001 220949
366251 68267
67551 67812
320327 326577
372619 372606
450237 440815
132989 132198
239161 238737
619261 459245
508510 508511
599030 422834
81552 81526
236425 236014
455339 450637
17391 569
382514 379859
207589 207105
256111 79
634592 602859
241813 211967
447053 435255
425277 425278
237669 237008
9002 580
417972 417504
489109 489112
104499 467
39362 39842
39331 569
371904 373419
277985 277979
488273 487388
37217 37225
581204 69227
626967 626764
344404 321459
76439 76453
488837 488816
84614 84581
487677 487629
489709 489731
18229 561
8351 8369
459365 450148
231002 230401
602430 602667
587293 177921
487590 487600
46300 46314
369898 51753
562279 562288
504303 437068
561337 561322
618199 459203
28766 29385
46675 569
577554 435618
494698 443261
424696 47702
214296 214293
236101 211967
372489 372483
213393 211967
384548 379846
489068 489063
484069 422851
230195 229850
580908 177896
79767 448
90938 90906
103125 442
599403 422848
99221 72155
539054 522544
36766 89
25938 581
494627 494642
193352 162314
15967 16096
417584 114823
214913 53610
125274 127322
459230 459244
34413 90
460934 450131
103486 473
237667 211967
334549 334550
257523 177208
475645 473018
492274 492266
12204 572
489070 489053
114411 9
441520 441482
370089 51755
559700 558650
293883 293903
181158 180948
598078 446744
593254 595100
358215 358212
166962 1731
239248 238686
527387 527389
489140 487396
170461 1721
524209 524185
94538 472
57969 57980
96615 96619
236478 235959
487698 487632
257535 255951
531270 51172
120037 120129
330682 330684
15879 15854
227109 226659
291039 270566
149309 148952
89451 89421
84060 446
232083 231874
81781 467
586437 177898
488805 443812
240236 239819
243163 243187
241905 241691
221624 221659
412457 412484
230718 230359
634232 602842
344790 64286
226801 226714
254498 66393
612231 612234
7060 7042
292549 270573
511089 511052
585790 447015
100626 100621
43744 572
543884 543885
610303 115630
236281 235976
578695 578701
240326 239835
102980 93190
489824 487391
479721 473082
76507 469
282401 282402
247870 53610
224583 223655
591663 591662
71791 446
447239 1267
3317 569
556497 257604
180029 65781
15237 15252
496860 496784
30455 31872
224409 223693
91963 468
68353 1481
378510 69427
328549 323944
489480 489495
305898 270574
74952 74949
581896 458996
514260 513842
246946 246912
238543 237000
27210 27964
23214 579
488595 488604
63424 62741
490798 492346
537387 537389
587302 447010
491171 491163
374932 52510
584696 177898
238885 238710
418345 418187
17795 89
422792 422799
375853 376202
377912 377838
525029 525916
242210 241707
36817 580
493029 446777
257485 256003
84174 449
230200 229828
464683 622718
179837 176660
608226 608227
490412 492458
385498 379887
381656 379890
40660 89
273464 270671
246802 246718
574123 574091
240474 239840
6605 9
499810 499811
79365 449
231993 231882
491004 490975
260730 260729
526299 526263
257456 254792
606380 116639
182506 183825
459511 450149
47205 47223
257242 257236
134207 445993
55345 61517
38872 572
73412 467
445387 445419
186154 186082
404920 404785
80309 80286
535958 535956
250994 250066
30452 31133
460403 450184
434784 91
70368 70152
620021 620023
418080 417540
93054 467
160805 160804
394559 394621
4086 9
441512 441477
490621 279521
489156 489148
480215 479046
194205 194706
488142 487374
581418 447016
230000 229796
431145 431369
241917 241666
539539 539622
90674 90734
579792 578488
77082 442
318809 324904
617910 459236
462401 620544
604398 603445
492286 492255
586856 446961
530927 522544
401456 399210
487593 487597
71518 469
366310 68265
452848 450637
474525 473370
8595 569
492119 492104
480890 473039
368277 68832
571608 571839
458715 458719
405448 51791
394320 112530
38126 572
463642 463641
27603 32377
3941 4545
490870 491702
35525 35555
191715 162305
193751 162328
177640 177636
387147 386483
24112 24108
273470 273467
236818 234550
385528 379898
511089 511075
202218 202217
347428 347427
81521 445
472709 440806
452986 450637
149467 148982
488400 487396
460775 450139
617639 617638
537849 537797
17750 580
301772 270574
463705 463702
110762 68851
9737 561
490614 486952
234930 234530
102537 449
567374 444045
265490 264980
412570 412304
235048 234546
238806 238675
204389 203878
162615 2574
253296 253044
386988 54054
381066 379901
237651 236980
228509 212820
97289 70353
475620 473018
605802 444338
82978 82954
134127 65720
435185 422893
15139 15749
54985 511579
316762 316766
469834 469900
489531 489561
53083 68897
241794 241721
75062 75055
240319 239834
479914 473068
17339 572
400463 400460
81394 74610
487661 279524
491141 491229
93891 93887
19831 9
384040 384168
404180 404179
488391 488332
534283 534277
312920 270584
618568 459217
286072 286069
631955 130923
381699 379835
466283 484950
425586 68780
230187 229841
190657 190640
579843 69227
487432 487477
22686 580
448951 448914
73746 73715
358150 358114
233264 232941
198933 198742
585808 447017
101711 445
620265 462093
384861 379840
82302 448
10113 10089
110826 68820
578418 578522
485293 485289
112644 112655
490750 492361
340677 340680
230122 230071
496237 496285
381649 379899
226229 224949
267622 266900
389315 389320
177931 177928
72174 97172
409686 408352
232820 230380
38141 569
15104 15725
3224 5948
238967 238676
316084 316092
406825 51765
493403 443916
617756 459248
146431 9
490533 490516
460197 450156
441235 499240
230130 229821
23890 24018
386577 54041
550795 550793
382866 379884
586343 446958
258696 259576
487944 487398
360985 360991
484088 484085
499014 444467
586042 447016
435167 435076
48722 48724
487721 487672
467694 469058
380046 65096
222843 222830
4639 9370
64757 68294
490096 492294
439544 175310
356019 351525
239271 238702
30138 89
450071 53342
488358 489678
67983 110294
490812 486925
488714 489131
605824 605814
84452 449
540335 541212
334335 336226
423378 349
619262 459199
386614 54041
19323 90
318116 318126
578641 577877
94735 94750
82503 82501
74533 74526
33224 581
634202 602866
256923 257233
19956 579
521636 521560
32606 568
370164 53690
113607 422157
96285 467
497106 604980
492359 486943
490555 490593
354973 354992
435380 435377
460319 450133
460014 459188
270936 274592
2388 902
174187 174270
88141 447
628800 628802
116459 116472
82344 468
490023 490030
629849 54302
553154 553157
239966 240299
228650 228647
229224 227948
9139 569
78770 75257
421598 2172
279444 279492
490253 490280
589469 445219
489415 489431
487621 487581
43206 45076
383884 379871
96274 445
380965 1915
531288 523647
303863 270574
124231 124265
72842 72857
119684 119683
268414 268185
124800 124817
624314 459060
10394 9
234015 233907
252832 211967
409516 408936
39429 90
56590 55351
460730 450152
484111 422833
404743 404751
194114 68917
449387 449388
569162 439222
626917 1238
160868 68385
581066 69226
522867 522544
370098 131942
5162 90
6401 8773
489887 489923
619463 459259
122887 117359
18966 19242
2878 2872
17243 572
241936 241717
488601 279518
73870 101031
253122 252825
239734 53610
256302 51651
491034 491036
497106 497100
579461 447015
83099 476
459325 450165
491044 490950
272684 271818
57989 57984
230244 211967
89054 448
577680 577683
113142 113108
89865 473
446971 447015
602385 602380
203351 203362
406768 51854
64391 51049
495293 495227
98956 98957
64687 64690
303911 270566
379796 379790
417851 114825
557738 557733
618661 459201
89239 444
155737 155738
488684 488612
414660 414661
219306 211967
294878 271252
47386 47402
274192 274191
38042 38190
586383 177899
240447 239819
368697 68518
237404 239478
587069 446961
492349 486946
26299 26300
87855 467
81207 81223
131419 51814
272775 312644
622752 111327
338285 322346
606001 116629
