65260 52438
147237 23428
151247 57502
77473 210050
115702 140144
267983 244316
192506 183944
160407 260311
66993 226518
72095 215105
93673 37144
196830 137184
87717 118651
273724 194774
106116 129442
150874 68275
258300 90280
161984 49519
98341 204974
13566 205013
185595 200111
136502 205013
218333 175838
244099 248916
35057 103804
4480 208951
24331 63907
75136 50199
175828 52438
109664 95679
107533 14569
208989 253076
218393 77475
113561 208951
236135 103590
101318 149046
203418 248916
210217 131160
29911 250782
119079 190279
229364 205013
179755 213433
191013 151852
252388 216352
78072 114569
104511 10009
12992 146004
136658 116404
253879 95942
35291 84880
22145 138974
138457 253645
244730 265461
247640 61244
8460 77217
255339 30638
21347 223483
41499 63678
149293 19801
191129 24049
78781 258525
205961 121581
98356 179554
215863 224098
202916 154155
159007 227733
79138 273595
129565 251698
168845 151435
253690 119297
150685 205013
104049 114126
48041 243579
88854 10756
260346 22572
60828 272493
222372 88290
247615 265453
256579 250782
68755 163572
255124 229219
176840 217426
247248 52438
249964 248916
179848 100611
48906 272493
13203 267915
19933 240845
203285 141891
187721 52438
190936 52438
161663 92891
110317 55071
10613 264379
153946 186812
240503 201645
172731 135131
253386 158680
51439 171114
267173 226722
188011 20564
222832 112816
117133 115546
117944 272493
69599 171114
117169 5646
190864 220001
148636 4566
56902 92656
199193 149194
71274 195631
240867 266764
154129 185568
195791 50868
27938 160258
196086 202767
130558 25161
28808 164445
20666 87674
121348 205122
249280 21200
129052 93360
214332 154328
229126 151942
48804 83579
266706 71745
266017 96866
242037 121239
265375 250782
230937 170838
222474 171114
27974 273144
134140 50347
102367 252353
258479 248248
50370 272493
218652 159499
131546 51267
139269 19714
88750 126900
206793 57663
49430 250782
22995 96641
156073 67943
55560 47269
239632 194712
239054 28923
115698 248916
264612 238072
65754 222172
211359 145460
95550 273595
170645 143114
173498 79086
233593 129937
9089 68641
53200 249085
84015 144179
80410 66163
167209 159499
77866 226765
261038 30390
272937 170838
63263 223380
121057 208857
225317 193163
20622 250942
127980 24545
32282 215860
153627 36386
137609 25468
75543 172746
202607 39111
135915 41309
117745 179891
148586 248916
214758 2392
97555 210760
77074 248916
245949 4688
11641 216506
102359 252340
192526 125777
214922 146004
36485 118498
130767 270638
119592 43947
35938 76093
272767 214050
2520 84880
201146 67309
49357 209193
208621 85958
89650 105553
104622 108057
82785 208951
156464 4657
229930 137573
33240 249732
144349 222799
208736 216198
139897 262736
235526 104509
89069 265515
206254 124259
246600 146004
110705 113409
150311 149048
198615 250782
99162 172834
146941 38925
217979 201698
218188 40739
147947 150293
258271 106405
77248 122561
115939 16948
72880 67687
90345 248844
36657 230552
110519 157752
76024 64562
138409 126236
205253 244626
21136 146004
231809 68922
188558 102304
199881 248916
242400 270681
62386 71537
6149 217796
23769 66680
41898 159560
1247 250942
273187 128499
132914 247587
168184 120882
76471 249732
169166 264175
180940 141518
89876 239357
161158 144427
137649 135596
76139 272493
200715 118651
180438 211155
100015 234993
57599 171234
42903 222799
42143 116865
264675 208853
170072 90753
162510 250782
233565 183944
184297 146004
139309 123234
55116 30674
29343 171114
102318 140632
19244 216352
240457 244908
38628 140908
28683 149449
158685 214354
162379 73532
238933 228322
58557 14621
212041 248916
8888 250782
221399 181185
140914 252568
227462 183944
90973 135727
263892 50347
254946 226261
172412 221709
64442 95547
17654 248916
139238 79255
131529 220001
84105 243931
238852 199709
6483 168166
161062 166485
55790 183944
100378 59493
249471 272493
168760 241712
230864 220001
97390 183944
245553 129342
179753 228322
216910 266072
219287 272753
259335 248916
119719 146004
96411 225613
176693 153680
2722 247460
68933 235076
256846 249970
144799 50892
87309 208951
197854 208951
86782 216352
171565 200574
46333 143731
185341 154336
349 41925
151806 248920
132946 22330
171551 248916
7925 272493
197945 272493
238083 30143
176214 170873
99625 2307
126468 47175
195599 6007
149095 81164
157284 111085
88955 246709
131528 220001
144820 272493
122102 40899
198679 272309
229771 171114
155779 146004
141923 99701
132435 21200
156945 212857
200508 191269
225079 146004
246620 124406
94437 262724
120403 248916
90370 67136
165835 67943
7787 185616
18687 42353
80181 272493
151675 254761
47238 151155
172416 249732
118983 67943
252007 205013
96743 64042
237146 74941
678 167786
209370 217598
107107 118705
69948 100506
11526 185891
27485 171114
266429 60472
98961 216352
256533 16644
123129 131980
111611 169466
196932 150711
196081 117600
221671 273595
153464 115689
40130 205013
130908 193536
132569 212683
36411 93360
181448 217972
93834 248088
35288 32986
204221 82348
223585 137989
66050 250782
71145 220772
191628 31077
121364 267515
143788 56916
8691 250782
49327 101662
202032 170315
270858 259984
232736 162123
55919 155507
107177 216352
237534 151443
223789 30739
53862 216352
111804 115411
65663 19299
110331 55337
22029 220001
205359 160258
239041 81024
233346 27570
238017 61244
6369 208951
58580 227949
197237 100519
142991 23864
186300 139595
162351 150161
117592 188871
92057 164445
38879 267915
188271 210050
107761 197512
267248 67943
58665 183944
236898 165669
84604 25450
227794 64924
185174 250942
86795 16455
175787 117719
128285 75323
43652 205013
106656 159348
123908 250782
99478 69244
199396 220001
134880 73192
60325 271316
125976 146004
192954 98554
159112 179159
267780 13341
59862 202292
253888 87943
124446 272493
133803 249282
201899 236841
5455 260648
148918 44185
48165 257736
195875 215860
218490 249732
113635 60472
70501 171114
207042 229874
211066 271235
269766 17875
20868 220625
57310 88313
73626 18505
187353 198871
222706 59460
196573 161485
64009 196768
238917 250782
239147 127928
179811 118986
55291 122008
63092 248916
73457 27950
21739 175493
162975 45243
79629 29463
99999 229453
74527 2000
191689 122649
229870 98764
176988 84880
87378 225959
250053 246962
228207 171114
30986 128065
191323 221173
273913 146004
206312 40952
221203 152065
189218 158576
126370 76474
243234 60472
243376 103092
36732 17737
55431 119297
10467 136222
381 106914
191351 52438
254261 105414
99623 104424
53560 237525
236041 205690
178939 100195
94466 112460
171261 230855
219656 250782
107065 45097
205053 235076
189927 266848
12503 170354
85765 209570
116207 31077
203969 132841
115479 142041
142192 105153
240876 141518
45857 100429
238286 182474
266269 23465
31520 134647
27421 220001
90846 111203
84839 200111
182021 220001
71193 962
266630 139172
149782 109138
1485 188187
265417 220001
196992 37233
46873 171114
107779 250782
132055 89016
156093 246661
169576 176133
241908 118664
248020 220001
241560 174049
64009 85073
11546 17472
473 28278
66759 52438
53669 109570
167100 131047
263054 270457
129448 57663
88553 146158
47046 38094
204605 269944
40865 67150
8180 247256
262792 102966
203657 86152
194915 136910
94834 68120
126734 231924
15564 130925
5253 42259
99380 273595
270276 142999
262887 217280
70320 84880
165731 220001
224744 206526
82276 153821
189955 91579
161645 205013
89256 74503
157947 248917
50404 248916
245101 154966
91682 47796
204859 7605
196055 216698
67955 188499
3688 233609
23358 212785
133978 65049
127280 102421
45594 95679
46866 113300
223140 103124
221865 254193
179536 208951
115986 117907
260743 148078
186928 175410
33959 205013
95902 146004
141948 242013
211707 101951
107762 250782
95134 63941
13417 270187
270908 141518
10695 271057
126054 10754
180455 171114
225814 235778
222304 30379
249459 202838
250460 21200
159459 272493
210188 160611
8783 183944
125666 52438
209406 259686
207158 220001
214028 249085
24889 10490
164061 251599
214928 235362
225343 50347
212413 60756
214983 38400
75741 10051
165017 134215
34101 272493
18841 199355
77741 201256
248508 168078
107639 273595
269669 146004
175816 131396
239776 10756
238454 205013
26496 205796
231105 188864
219608 179677
175633 271057
216914 98032
117474 57663
234446 186278
133112 241235
74403 146004
230944 159499
171286 103177
72677 110740
170574 111085
18858 16948
242347 2414
238861 36113
176104 273595
225509 248916
283 113957
79431 134788
272312 174514
102957 176347
52233 213243
237885 93734
169272 253000
14814 54508
112457 223483
104552 30379
248449 258961
137619 36949
187645 220001
193564 99955
21838 248916
212669 266442
161658 76372
165686 195859
141340 248969
8888 47827
116972 246330
92875 198243
176131 215965
61075 25728
126083 124933
230979 20128
135019 81963
50625 132304
211560 48140
132781 75779
68971 5379
189963 250942
122257 205013
143162 238363
12770 203553
130283 181866
97623 147666
186089 232211
211889 171114
262161 254974
21391 738
203588 141518
168398 162123
180506 63283
247785 146004
205976 102270
235980 169469
215919 186981
111370 63045
143564 248461
268193 166485
232218 61281
1800 85992
265684 111343
132302 141740
56136 210268
196456 188627
118441 223445
67980 263059
53025 84880
197110 78722
197737 92733
48456 76474
194623 102256
19479 60472
229170 240277
153860 212785
90773 217692
170091 141518
186058 141142
245359 117393
83433 62144
264042 146004
169815 261284
212532 67943
80988 43410
89832 271794
185952 138331
234471 212785
169816 160328
87206 146004
256730 70565
235021 146004
33734 209211
63211 181947
168554 146004
238321 146204
210735 100070
66470 100140
54599 116076
59847 183944
214683 96685
272575 154355
165787 229671
68421 229383
111836 115702
3440 108991
6657 205013
227945 39495
176861 48588
29722 91579
15980 87766
25193 46314
216156 86012
94129 252340
55001 178538
89500 84880
144806 43657
87034 228226
11783 27057
10896 243817
171399 273595
47678 141518
249376 52438
138583 207859
173290 212785
249706 35823
100655 226323
2866 12097
258747 91573
66871 207804
107337 113957
98255 52265
132428 34757
187084 144202
122953 2350
106412 55609
183371 9054
208270 126961
257567 266442
130316 75779
165721 236066
240206 147537
217658 84880
42966 27022
65011 177681
181070 232036
170803 250782
155105 111747
26825 149707
54545 144039
215874 111642
137842 196754
196917 120579
36782 188871
34754 108729
132322 171114
110832 208951
61146 147393
73008 138536
259625 4083
16788 12250
32911 104212
33349 262780
25803 30442
258050 235319
234508 126053
85059 230937
251959 44167
118458 194712
91421 96641
90112 140454
99616 260533
266793 67747
261135 10596
159534 141518
64194 16569
20538 129219
239298 223847
19252 54032
245143 171114
267383 131160
54737 100895
127385 205013
113960 183944
75363 140168
181817 263765
10557 114632
255655 9040
220968 114017
124913 195984
56837 65444
140954 181589
101403 222799
151219 99765
233215 252173
191950 38466
113018 12952
46290 205013
46094 138536
110931 231772
190805 146004
143102 220001
273656 129607
207126 138247
101506 26776
56248 138536
253213 246632
104128 159560
128470 262155
248090 63573
273464 118120
11826 228322
125019 139893
268371 220001
5673 237363
158275 96262
161542 169204
216902 7352
168250 198118
169306 166485
160720 43858
77266 86441
229328 131160
215028 225949
173466 51798
25346 181185
44159 196938
34465 144806
158589 46445
169479 244837
91162 183944
226809 248916
273545 106050
68095 53188
11235 224202
48830 199429
68987 146004
162819 26487
198246 236662
190508 189224
196978 273545
75173 166485
215605 270918
230027 207862
181991 117737
45862 84880
268571 175070
44495 215860
53760 252568
31837 220001
37499 84880
168777 238939
123614 248916
74016 33214
223099 245046
75733 155904
235943 26592
184848 273595
178873 183944
135343 161292
25331 208951
213151 61959
106855 57793
141470 171114
43375 169149
27774 30739
31217 30739
123079 160818
148642 221507
32013 84718
149495 238116
229121 57887
152415 37590
185632 187568
232809 143452
149643 125474
166137 231831
91274 205013
264706 215000
47692 148667
193350 186164
49325 139172
79445 31077
17116 139595
151155 210368
84004 205013
61153 241235
238806 145250
194479 174049
206017 90444
116487 2361
112461 149688
241600 178487
139601 124723
23175 248916
29491 90778
36130 180923
90804 44750
181420 248213
167721 171114
103279 204601
61240 121884
208268 140314
147445 170315
103411 44688
92510 250782
613 250782
265489 50347
114285 176320
236227 250013
17953 215982
97276 231362
124228 258216
191458 60008
68902 237342
225306 18211
114952 253387
272584 41026
223720 90444
63541 80293
138394 89487
71894 176128
198657 1517
65652 30070
133050 159560
54837 29380
243331 146004
15626 223314
256697 220001
13731 273595
101809 183950
186432 171114
86716 250782
22378 103014
157889 205337
203121 106050
198646 55204
3724 224421
62165 15869
166362 134279
175210 45329
137456 42369
219041 272440
258332 31077
122069 194676
9764 1776
196563 254318
115735 205013
250658 198341
242141 112345
85084 159348
214095 88271
201024 53683
226352 167202
116382 248916
224199 149647
271068 121350
253396 174049
251748 107622
18208 52438
236454 167459
215378 272493
229560 248937
1422 233661
267115 103308
44984 54009
110941 78768
110057 243003
204118 30442
109890 9589
129794 21530
185011 23647
204242 232253
93299 273595
1850 6906
119675 213861
183448 100383
250515 12819
57167 141518
258032 210760
14815 130044
9031 31747
136559 209750
216572 102568
