479649 53834
528944 528883
528337 524666
630435 70698
205006 170446
506007 506010
7872 7866
666666 492801
215751 215666
57965 57446
408204 408180
86359 86351
200482 54945
249538 54130
16259 16336
528960 528947
528024 527977
187860 622033
530083 530053
74904 500
195276 195302
81198 474
241398 239482
107209 495
450469 47950
25239 25758
460104 460286
275106 461949
610194 610188
376548 66825
273746 53778
40738 40755
267272 267238
6303 589
21100 609
257111 256864
75161 474
666294 492817
273682 51545
624736 623114
105267 475
519409 519383
651997 274286
363894 334901
67982 68131
494390 482951
41416 589
481536 480256
446516 446521
362936 340724
528601 297298
7291 7755
192783 191509
269508 269174
50229 47837
117571 112
300309 300341
37988 38597
375770 374647
674557 135985
257941 54130
526389 526343
623269 479545
120102 120058
528166 530176
543123 543126
271339 9
157632 157573
403931 402204
394437 394439
88535 88522
406156 402196
489661 483468
524631 297297
570560 51593
92074 495
493528 482929
269402 269100
251968 249567
215742 135873
467484 604554
135801 52204
611432 532267
107246 472
244896 244723
105237 72365
533088 533083
446123 446120
479275 479274
617812 464036
608325 608227
257163 256855
244184 54130
371642 369574
606263 606260
650566 478094
312251 312253
526429 527050
98957 472
624975 70704
530165 524661
327134 327270
182035 119577
101880 500
85394 504
69143 69087
3029 114
267821 226459
288152 287013
577898 571738
450160 159
235484 226309
134172 134078
676721 476715
565881 565882
303744 303808
120369 120484
410572 409048
327650 288238
418590 418462
644958 479300
532444 464425
255488 254942
269436 269115
665897 492413
48148 47523
158493 158481
681112 476115
275458 276308
525816 525812
106501 82758
55898 55857
432720 433178
476878 476879
623456 187845
124016 123997
625291 70702
203886 170447
135764 65616
324315 324316
624221 624211
245538 246866
192887 191505
517112 508655
312449 288238
191193 191196
251533 251079
94239 94088
73461 470
534666 447808
659393 659314
295174 288633
527407 527411
506210 506262
516638 508671
58467 57617
534699 534700
94424 501
35728 35744
610444 610477
351338 351336
546385 475294
525184 525205
613899 53845
1847 1840
255542 225546
429359 138199
252664 252484
666952 492816
347378 337435
527710 476008
267550 266223
81457 81437
358352 65122
217533 217532
101211 475
399002 398237
156361 155940
85246 85201
6731 608
176094 172875
582187 584297
90611 90632
26344 600
587283 587648
508651 508630
243925 243107
267591 225465
303710 303711
353609 347660
526397 526423
528189 530196
67979 67982
59905 59626
87661 501
16887 609
619476 611054
473733 473783
564170 564151
404979 402204
465092 465082
97142 477
59376 55316
528278 528296
658335 70697
35109 597
460644 51518
138826 70020
257796 228244
85381 472
528838 528804
251174 251066
86421 501
318031 288246
174659 1800
528438 297300
257402 256820
482147 482150
640747 639176
256309 254960
610316 479518
239198 238526
527280 527247
526212 526201
38805 597
476283 475893
499466 451950
95879 95887
654592 480104
78345 500
577242 564114
683373 683308
666847 492817
138271 138276
391455 391410
626401 623090
416794 651
527128 297299
680210 680207
95912 501
183907 183723
526235 526300
618536 618537
94916 474
203588 170432
572306 564388
476916 476905
633230 613797
404749 402193
257155 256839
244914 244729
71076 71075
275459 276293
17009 16999
13788 600
350702 350705
441165 441121
102145 496
60344 55315
367062 117012
311396 288967
410978 409032
666806 492817
403568 402150
526939 526959
563105 563045
35246 589
92907 472
273761 70206
67587 67593
453132 449897
45593 596
34567 9
432905 432768
516056 508627
90895 496
278020 278021
82192 82271
156304 155953
38433 607
569078 569077
623230 70705
443457 443154
525932 525118
13573 13551
527411 527439
77971 473
237715 226386
42511 42530
32177 608
87735 87833
564729 564114
41008 41014
530217 530260
75375 473
48200 48206
516686 508619
1399 114
633473 70702
217489 215553
466860 466863
169164 169166
48499 48498
19948 20229
357337 338699
525966 527478
527042 525105
528847 524678
72499 71694
476281 466870
280522 280523
106310 474
77798 477
125751 125808
256175 254987
516107 508642
526933 526958
408131 405285
635660 635656
609834 479530
566127 566169
394371 394365
31282 31432
124142 124115
130497 130664
104736 500
99169 99151
21703 21700
385293 385285
640771 640134
579782 579783
399621 116345
28266 28339
97949 475
25214 25615
75397 497
530467 297294
519894 519895
386858 387096
422464 422331
105592 470
537035 534866
11013 11141
551270 551244
517107 508666
71906 474
365035 54138
450230 450232
619145 619136
651752 476561
679811 54891
648758 648784
126433 126440
119065 114064
634748 70704
359530 359614
275762 280663
183090 183086
611600 611585
389706 51126
493526 482917
268877 266620
398235 398322
91732 504
407472 402210
54372 54458
530330 524678
525345 525460
86407 477
320467 320466
529406 529378
481024 523014
229034 225465
440809 185705
243824 243264
487636 482866
118325 118331
275342 275341
94517 472
672917 608966
575265 51593
431050 52197
244354 242560
374797 9
43852 596
119716 119720
339377 339359
234617 234560
549102 549076
102886 102885
31338 31408
530160 524656
168314 168535
296327 296322
270212 270217
22101 113
494396 482936
74221 74224
75518 495
239380 238550
198138 198147
525209 525170
410749 47129
530326 297301
630455 187847
667934 492811
508687 519445
32560 32720
551235 551269
227321 227343
273005 187076
431093 136059
138418 138800
239022 238739
674036 492663
76566 75637
210804 210830
247294 246841
581482 581173
49603 47523
646608 646616
31730 609
34386 9
252914 225470
141438 112519
249235 248930
225529 54187
392092 54307
74392 74406
362815 341543
400119 400067
660882 660739
155229 154680
252715 252101
666739 492803
556209 555509
646025 448617
85144 85122
249138 248909
493447 482933
19222 19325
406087 402144
215824 52206
119631 119641
683924 683921
255592 254955
552230 552229
65740 65738
250085 249585
10519 589
441152 125
526994 525121
98774 496
45492 596
44181 44550
400812 401247
315243 288967
526750 525119
42070 42072
632805 479601
674715 114826
381635 381652
84560 84575
526899 526893
113049 113003
526239 297296
528414 524665
20674 20691
8654 609
493769 482920
243581 242666
651013 479793
624117 622877
526224 525111
60109 60204
395421 395187
614781 466840
676786 476712
614075 1283
665902 492423
33864 33872
61650 55358
623825 448558
506101 464086
452455 452457
230387 230350
247080 246837
400561 70930
215734 215355
405738 407415
527026 527043
646544 466065
241946 241809
626131 625322
86857 86881
641 119845
102798 102779
648728 648730
127345 127390
586157 586026
41471 596
31939 114
539534 184425
200344 200345
16721 16730
185970 115
255081 257640
146903 146904
664764 660739
41046 589
501264 501267
94494 472
250047 249580
354092 354091
272934 70215
515318 508636
533147 533150
13575 597
527015 526989
453604 453599
475849 466856
397826 397592
183010 183030
324379 288246
177652 1801
522210 501477
641944 638490
390906 52196
174990 1801
253063 225478
564473 564474
527242 297293
177302 1791
572334 51593
71652 495
71675 71670
78258 78222
249152 248919
525314 525368
274569 272588
570646 51593
141987 142031
340215 340217
16248 16281
238896 238423
320142 288246
168940 168944
74695 472
80871 80863
244009 54130
82592 501
633010 187880
526906 525118
254052 253794
257490 256871
256330 255662
226916 54130
435513 435512
238620 54130
684037 683945
377782 377823
227686 225465
273319 138
667193 492830
8359 113
320679 320675
558142 558097
626680 70706
89034 88998
48866 47523
413595 414557
659647 659660
247248 246840
626393 492573
254222 253802
116742 116740
528380 528329
516768 508632
81103 501
319016 289060
265947 265895
233259 233210
641863 639028
1763 117844
660129 660139
4222 4381
609843 479643
177674 177869
13771 589
551321 551293
38184 38198
231339 231292
71603 477
437259 437153
404065 402150
342230 334567
527419 527446
344020 9
99520 475
630634 479599
560710 560557
228391 228423
251310 251082
32573 609
29643 30284
525487 525534
72550 71699
529769 529740
583027 582043
633445 70700
528703 528732
402392 402199
623111 70698
249957 54130
446192 141520
19946 20237
634399 70702
403565 403566
403725 402150
573025 573030
257223 256835
41132 41673
535146 534842
274520 270084
90767 504
242018 241512
668061 492810
464072 464067
657354 70697
530082 524653
408666 408019
404972 402167
45865 607
315405 288245
258594 225465
623453 479545
255375 254942
7565 7588
660119 660118
103739 81736
243800 243093
528228 524673
288238 288298
566830 575004
273601 70210
533032 541697
182692 182161
494109 482965
63145 63133
273745 270077
481494 481265
72712 470
43467 596
82289 500
466213 1283
182752 182732
429682 52207
78865 496
580244 51590
267632 267633
37896 597
483003 483005
465447 465396
80998 476
667381 666256
412625 412639
73424 501
436240 436244
423304 422710
4654 114
475715 1283
528774 524668
527253 527285
517074 508679
202909 170451
526095 527382
632164 187845
240843 239682
464829 464827
256382 254993
588067 588081
96327 96333
625229 70705
97798 97775
361999 9
666571 492805
667874 492780
651334 472877
533130 533091
633323 623256
575938 564114
422066 422052
525157 297301
85970 85924
391856 389991
493094 492770
515506 508669
9492 113
530571 530489
517806 517801
391948 54316
621850 621813
493746 482928
136432 52231
422010 422011
43303 114
506402 506404
39160 114
5133 597
529614 524678
41050 113
194625 194633
201751 364
420293 420290
415299 184312
31321 31396
303048 303049
249494 225465
408155 402202
559521 559534
204439 170434
386854 386942
88511 496
515260 508665
493322 482965
168552 69794
526564 1283
497779 497652
660885 663264
585324 585325
18732 607
333578 333580
510982 508999
137798 137985
10960 10966
528874 528937
246981 246877
103280 500
617558 617561
296128 296132
435597 435627
247001 246835
251438 251050
213076 213077
174659 1791
273740 271321
413800 413992
405606 402181
250014 249601
238982 238551
125282 125250
515589 508616
653811 653742
992 117116
155373 155784
468741 468900
15839 609
559914 119719
342874 360141
513457 508977
527484 527515
450162 143
255589 254943
83729 504
254079 253783
516770 508642
18270 9
425243 425244
102264 477
525433 525325
528770 528644
101794 474
25261 25694
407297 402164
429704 429703
526592 525111
578739 578736
360059 338641
666583 492832
319691 319932
682279 682090
405103 402185
525798 297297
460578 190
241935 241861
190216 190210
626118 625320
525208 525244
28355 607
481553 481557
84926 84909
389625 389807
245693 245294
203726 170450
631045 631545
102399 473
667614 492828
408107 402143
91659 91628
11928 609
137929 52253
624562 187845
650058 649791
421421 421420
529903 529901
379106 379107
241711 241704
551260 551250
404768 402198
234359 225465
293743 288242
417743 417611
624124 624567
87619 500
433374 433356
242545 54130
42712 42739
14525 14535
6545 6709
251914 249563
360079 191348
431090 52200
678360 678362
667086 492788
400052 400053
529260 297297
494484 482944
533037 553145
241927 241473
31199 114
215257 54617
603085 603084
408747 109377
632267 479603
286562 286563
525654 476008
391516 136822
645879 645881
676719 476722
631993 479544
466729 466103
67585 52807
525439 525108
509690 508615
404495 404494
230278 230267
11585 11576
75528 75527
529710 529678
473709 473664
388953 388685
253417 225473
34920 113
503605 503651
526590 1283
1091 186528
529697 524673
525984 527523
657242 653610
90748 470
598808 598821
382511 382537
117636 47959
666885 666900
411280 52166
21597 23034
344198 65161
624722 622920
102340 474
88984 473
83662 477
39826 114
684301 9
273233 270291
25575 114
674148 674193
39250 114
398079 397594
446847 548
91388 91324
652123 476556
534531 464250
529361 524659
389701 70255
539244 539151
494765 482930
494240 482917
307284 307270
463442 463366
177675 177689
115884 114226
676978 535922
138387 52253
109430 109431
528835 524671
676129 508107
606795 607075
257455 256845
242022 241457
239867 238543
10946 10933
86597 476
449262 402868
316985 288246
528962 528910
636125 564055
527412 527425
525595 526629
50402 47523
406994 402156
93119 104054
404251 402210
577493 575902
336779 342212
145293 145302
81706 474
140220 140333
299980 299994
145462 145461
668450 668442
12184 9
246221 225665
269309 269241
433168 432798
43904 9
70497 393
496152 482839
646757 646742
429720 429718
202011 371
483469 484645
619078 618711
492619 492629
171721 171423
477555 635176
578849 567551
397710 397711
5598 600
10316 600
528406 297299
666985 492824
142629 142630
22869 22863
117455 53366
15629 17493
256932 256844
526508 526500
88145 88106
269554 269138
253880 253850
283025 283024
529120 529207
651887 476555
632604 479600
88413 473
494143 482945
528725 528634
340358 354448
490 71624
242022 241517
72895 503
630698 479601
138536 135747
116681 65149
630867 613797
476554 650847
202637 202904
430842 430855
450145 146
551033 551030
88665 477
74283 474
337234 54138
542655 55596
166 153
609939 499401
666601 492813
73250 472
170046 169896
525472 297300
169548 53674
216902 217507
326035 326031
67178 66311
313965 288967
42644 589
630403 479604
254418 253825
394356 394352
253708 225473
631037 187850
533397 533403
32146 607
91291 91290
87658 87659
154513 154511
338697 65122
668149 492782
371642 369669
534821 114824
