216559 216560
184725 9525
182483 182484
227211 1344
60636 60638
262776 36
2299 4673
251683 2302
61132 643
672 2964
125332 2288
44164 44165
12033 688
70288 1
629 9752
184493 7091
183308 2112
13611 2309
191424 266
13955 40397
58031 1353
7524 42903
63770 9330
2137 21624
32256 689
2289 2288
146171 24409
147243 2960
216132 1602
106087 2689
3976 49023
11358 15308
80291 2697
548 576
638 3386
11873 1373
21877 12423
257280 5678
85483 12901
224054 1687
574 47359
16116 2289
242549 611
103853 102835
5413 30383
157006 618
5679 15075
152725 6251
146856 4080
104383 102835
185962 11042
2299 4627
34068 5708
83167 612
15965 26983
142498 651
90448 12877
1504 21286
105778 1358
262443 227871
26748 2686
16577 2099
223079 1264
48828 2301
187118 11
241277 723
84237 5672
52745 44483
119448 635
114302 45220
1383 47232
122826 40
154820 1408
169061 169062
204577 1609
1614 43406
155422 155427
82909 2663
72527 62327
61639 44483
213795 2677
771 266
216613 11042
47482 2310
65966 57029
7786 629
194282 632
138066 1506
21036 23
220636 1585
216118 1264
76555 44483
6223 65871
104765 758
213896 699
166653 16718
92055 4129
41857 5693
2556 2595
224336 1585
191645 1264
12182 1342
2159 56931
44842 44888
694 1513
680 284
9382 1620
38769 55
88929 1682
41633 2557
20087 2299
2297 5321
50123 50128
260362 11363
204146 639
91324 5331
21599 9525
3004 2961
96467 266
128136 80907
237812 1264
28016 1344
51670 267
1810 1682
250482 3653
5682 2709
40717 716
262051 15723
87555 9019
169075 52494
2686 10971
45 17735
133353 1407
151108 2663
222500 222504
77 45
235026 1506
17924 59268
14283 14263
95868 9330
234325 9382
33236 278
36038 2296
166923 611
92275 16
6919 1345
71564 71566
36857 592
9384 40107
194958 1264
248250 2696
89431 34567
180595 673
160727 160728
165628 52
1595 678
195193 1264
5430 5430
652 19864
234822 2299
98027 16621
197042 672
170853 635
216629 611
5 1389
23256 151
158 684
72719 2960
253574 567
97891 6710
181443 2079
80735 24409
690 33019
103680 102835
62293 695
6743 37318
116699 1367
20340 1536
2695 45249
18 3407
55934 55935
8745 2547
35786 2085
2289 16181
16177 561
162918 14996
27124 55
42996 5708
90798 90799
103905 102835
169996 1585
187156 708
30175 547
674 1346
2553 34827
10379 1378
1570 12073
149128 149129
203221 1699
120978 1343
148394 36
45613 5678
2293 27985
185624 639
248175 7
273 717
146766 12918
50804 10376
77679 17758
695 5425
183083 4080
70970 70979
10104 630
94106 40
54461 13121
186690 668
40452 76701
153380 8787
236869 27551
76007 2655
216534 5627
52477 553
180469 27551
173835 1407
1504 16666
150792 725
257720 141
1367 34814
246319 560
47 32794
207045 9330
262629 36
251872 721
131327 131328
111090 13126
225173 25710
37933 281
179360 720
261077 5694
5414 698
42637 5332
172955 172952
220638 1506
6748 6744
5783 1345
204792 1264
151056 1585
230678 1264
33697 33684
45801 5335
66145 3530
26576 1409
87715 52772
2116 10407
9158 2662
97892 585
136547 1589
1515 2390
46 6200
104529 2663
91885 4088
127151 127152
251765 639
118694 85520
177454 2677
202927 15002
4448 11366
567 33279
85365 2299
2294 1686
143761 633
1593 25142
650 3776
134333 2663
164979 9536
1605 39275
87790 42892
278 1367
21202 1517
1348 1345
204202 618
222779 1264
16428 646
174976 34112
23 8317
180873 4080
6750 6930
45309 6750
658 23477
36 8432
562 35181
204045 12425
2963 11
193409 1264
1605 4446
26343 6196
165822 552
266 1077
231292 2100
62093 62094
149858 12425
11085 1379
669 1409
635 11599
103658 102835
175101 2547
8710 13563
186099 6711
685 31429
149875 5681
88150 36
20329 9382
9077 16598
32537 3244
75740 2961
165161 611
177993 611
124310 611
13930 2657
216163 36
204192 2685
51769 15719
33 1360
2981 8867
39821 50014
567 13962
11983 765
30 12905
107135 5709
17741 18
209036 2698
144751 144752
2099 2695
1367 37049
3899 1687
60 39894
193867 2116
168290 9536
108867 278
6008 2099
40646 571
196108 2698
5670 7350
199545 2966
166705 1607
11922 636
101038 3646
4018 1339
221013 1589
242664 9568
261070 19754
240851 28
49879 18202
13962 1356
234876 680
103987 678
87877 551
38236 15075
218632 218633
109174 651
44547 5332
16975 271
116148 553
2656 5705
124049 40
45 27112
193853 1264
171657 22
1507 9343
95509 2693
189082 11364
41293 718
79550 79551
135753 2289
65441 38
11703 635
161446 2663
14669 1375
1370 38963
258348 837
205653 5322
132428 67931
65886 2670
9764 68
662 17496
201674 50445
103793 5422
9356 628
8475 24
281 38104
271 16916
192096 1264
21915 658
89811 680
3974 2
1685 13734
157943 5683
688 3352
5687 32504
56862 2118
137351 2290
171002 651
6004 2098
193561 35
227261 50444
255248 255249
167245 688
1687 18498
199417 278
6808 6744
84611 2093
132719 15075
3834 3732
63324 6195
258769 3352
14713 25281
804 266
322 5681
209676 2685
670 26733
240060 46461
35 17545
2962 15554
14332 7914
138400 40
69291 2663
62389 662
111794 1362
1358 3913
16995 2655
117672 1345
6176 34
29064 676
72897 680
252065 36
200566 48
238995 12901
3249 44251
13567 2309
155167 552
633 11091
122136 2293
44754 1517
87483 8519
265192 30234
74956 1403
199783 1406
146042 3047
70760 3244
2307 6881
136200 9330
179317 68
716 40718
3242 26017
2547 24679
118041 52555
13578 2969
176201 51413
658 23449
229512 3047
259746 259747
106712 51366
3822 14850
176594 15723
47536 19752
13273 173175
181724 611
635 11778
2098 5736
156277 5678
9631 3352
242259 2309
29172 676
172686 611
675 2371
114573 5628
217745 217747
260586 227871
8748 154
249123 613
2300 19202
3398 28557
1397 689
23056 5679
143455 4083
19373 640
67326 4446
117997 1691
61692 1699
123817 4080
32130 688
239526 2294
42525 28527
224830 27550
2553 5335
3537 13985
5335 8868
240570 1359
49965 2099
212088 27554
40 3474
648 2705
196507 1264
28548 46465
629 9947
18361 2655
77550 46470
13965 5414
249103 1503
12902 22451
27984 2293
1374 2582
70560 30234
102825 40
85910 5427
164687 2105
194367 697
25 4285
178464 27
146007 1363
149871 2116
21124 24453
216602 24409
96109 2299
2159 10403
238876 36
237485 33
109446 40
55042 55043
73113 73114
205732 2133
179803 2302
56141 56142
9457 3733
2134 37776
2550 31338
58 23
68885 551
172349 660
86486 86487
206963 22
51193 664
41822 4452
629 3400
62979 26
95029 4448
32176 5325
735 45956
5710 24066
65675 22215
718 41300
229617 5424
32320 704
73451 2299
2387 3653
76117 33
62391 12426
24753 8791
65012 646
7878 156
106206 40
62892 680
8887 12777
253990 25158
2299 4892
95578 560
201043 2677
228148 1264
23738 2556
1688 26611
21036 2961
248323 45
40495 11983
20453 1686
73802 19752
2303 47969
182064 26
166256 551
1377 5
34302 699
6852 621
17154 1357
237174 18
1724 12
248766 227871
1501 4
216257 5694
56528 56529
1583 9240
199510 9330
655 266
62696 4080
42173 42179
135656 16621
3462 629
11554 4446
181325 998
97820 2665
40403 551
226738 181932
202870 12901
78980 12421
71042 2557
2665 11992
2099 13094
170136 170134
2968 31568
14187 2663
210121 618
123781 21165
185027 1699
27194 45
8760 25
72329 2098
35457 33
635 11367
235165 1699
118262 3405
118835 2705
3197 17
76654 651
40 23319
34331 1615
85767 629
284 21213
64122 9330
256446 1346
148160 3047
248113 1264
13679 156
33850 23611
120883 2677
3242 26232
93434 2663
11492 635
8977 1342
74117 74122
4310 4387
248707 1264
9385 677
65297 275
185463 156
89420 624
11184 29
8046 23
247190 18206
9579 3047
156487 36
5683 28730
11235 744
152575 8625
1600 31918
2290 23817
48 33871
152358 1135
57059 719
131081 3653
46409 2557
209287 646
81696 3241
5677 20165
159521 720
148609 1513
1601 4010
254281 680
137648 2663
6743 2307
135196 4080
129692 129693
1682 2053
149510 18
183176 36
2635 614
28751 5683
9403 693
174301 7179
21588 640
63718 2098
148304 5672
76310 2291
212449 212448
1367 17820
224564 611
744 694
100319 5730
251044 25
255057 2551
242538 1264
194333 1504
230302 42
206637 2698
129809 636
171244 2101
11849 2152
16055 2546
155081 278
163879 611
2098 5823
31188 278
166966 2556
23286 40
221428 12877
38728 3661
131256 3655
129317 1682
1352 3652
161797 161798
1504 21339
2067 563
205 189171
10381 22796
57991 2289
58290 3739
128184 3241
127553 690
270 16866
93465 5427
70276 701
125390 651
201133 36
59978 59979
107496 2663
699 8810
163692 22
155333 25158
32176 3902
175716 175717
159987 636
249000 1344
37675 6312
29 10989
97471 2683
161914 1585
22654 48
2115 7621
183752 693
67094 3242
2106 20672
220084 220085
89545 35
134413 12425
39277 1605
71098 550
60743 46
53562 53563
6864 15002
127507 651
52136 2132
324 148
63272 42
49856 1352
32608 3244
245087 35
12917 48210
52511 5678
148895 618
629 1504
202841 744
99434 2122
162547 9538
181343 2302
141875 630
74559 26545
1362 1372
73702 73705
166262 560
3652 10874
129739 5672
20654 5435
172090 13128
184767 611
1696 15075
3899 15061
123807 7349
130396 8625
175896 1687
208247 1614
99125 2961
251520 36
141 94410
262326 55
121725 121726
169187 36
146367 36
11449 1536
57611 57675
224595 1264
170794 36
2099 5323
153098 23
285 42585
25621 109247
66587 51369
59098 651
228268 6322
3832 3731
254602 31
124419 629
11286 12419
7754 550
7918 35
224009 14846
241006 36
128934 8519
191302 43180
106324 102835
63906 8792
198527 22
120553 120554
62817 550
90077 271
29134 676
1397 3534
1371 18959
134101 2104
66280 5694
41 23737
629 630
4310 4356
72414 34567
99339 629
133028 133029
261098 5323
253805 39262
117321 2663
187618 2546
158595 14842
24387 48290
63996 743
11356 662
127177 5415
213565 671
125933 764
229364 4080
88765 585
174188 7782
111107 3657
239216 1691
259923 1359
228296 5424
148804 611
1356 29881
172295 11042
162231 46461
119953 1344
62506 33
5671 7731
3244 11567
38589 1604
1160 27
109038 2549
14746 3255
650 19382
160077 1135
175739 2656
139815 11364
190334 5678
174376 720
246628 2967
721 41212
212773 611
107080 102835
165 1622
252593 1264
20410 272
267 14742
99915 741
14505 685
281 38025
35786 35787
1360 34056
11358 3047
264126 80
87265 4314
645 15077
259386 1264
5678 21688
116104 9330
139807 9536
1614 43523
243891 1264
194931 3904
188453 2293
109068 109069
196268 47126
159502 266
11710 635
26143 3242
147987 1682
785 640
46140 46140
10371 3047
5447 5700
47535 8787
34777 3656
10371 683
216097 2115
76926 3244
64450 646
17262 647
1582 7121
12780 2098
139033 560
94096 3647
184737 4129
236143 5693
181133 85520
29920 1514
27108 553
122894 29
5696 2098
119834 1344
10327 3352
97643 4449
7357 51788
10382 33186
16631 148
8057 62
51836 51841
257560 5322
22 18
29851 1356
82227 612
133793 133794
3241 24414
1599 6
16109 2289
240140 2301
130597 33046
58457 711
154400 2294
11788 1510
259594 1375
5761 8791
235630 36
46252 5336
114987 611
2658 2789
2307 6807
182345 12877
10500 2116
51611 48405
551 14062
142460 690
632 10708
18314 2655
170744 1357
13955 40345
17587 35
73411 9330
88243 12906
185861 650
242995 18
229449 3244
722 42517
156602 12425
140448 2304
98428 3047
7882 31083
4520 64981
702 36470
227131 12933
290 19146
45644 47880
228073 6744
241384 1502
60174 12418
131749 131748
139941 53031
197862 2698
59 39832
689 32242
37004 1367
23908 12876
43232 1378
216547 1264
251647 2294
1513 11472
11085 53223
37436 5693
135739 14838
33778 560
48170 624
1356 29878
92759 51413
5425 23524
229407 1367
3104 55
114145 2294
41535 8867
230592 35315
17067 635
648 17922
10509 10508
562 566
52229 8791
98870 664
257135 15968
9764 278
247753 227871
