199480 5670
166553 664
163801 1685
212288 1697
50351 561
260791 9525
4080 3537
241545 633
50812 664
11358 10181
96448 688
11980 11980
3537 48671
7366 37783
26 9065
166521 611
37058 1367
43268 725
174693 49875
1359 1353
12006 2302
4450 744
13309 12420
562 34896
7704 5428
636 7334
119730 119730
121815 2663
21028 1348
83984 64286
3959 1339
33 2296
64487 29
614 712
630 40
63096 1598
281 38
250124 156
16638 3245
207918 4080
2556 3921
17813 17758
233034 36
81680 2663
2655 2106
134414 1687
36 18076
126196 551
121331 121332
2397 2306
168032 25158
1406 3717
1724 6309
65881 3037
2546 284
115291 651
71524 1372
2289 16108
83487 1590
258885 5687
63947 2082
144150 34022
204888 265
14839 1595
27993 13707
230693 3045
66157 659
46154 5693
91880 1346
13656 2546
2555 16149
93848 10514
128644 46648
165 142823
8251 25
702 36469
10602 632
6223 1602
60488 3652
13557 2300
195121 721
9340 44689
199783 1609
6200 9016
3264 4080
2556 2618
177369 3655
112504 2292
194858 26
201735 4080
195822 2693
28168 15002
14930 1585
82893 24407
195302 25
232221 1356
73111 48
8189 23
1694 1694
208325 4471
13604 2665
76928 271
748 47942
281 38108
2104 27694
662 2299
1345 5707
6345 622
8012 3352
190078 1352
114187 18883
52391 34567
12779 44143
254945 1264
6988 677
2185 645
284 12
40250 40267
76997 24409
100371 2678
31953 1600
32463 35
3944 2104
6223 65843
241165 12424
1348 1622
46409 1688
257560 679
68739 27
143182 25179
3244 13600
11358 1594
106206 8794
126025 1691
204537 2106
5705 2654
221056 7087
6501 12873
1514 1511
31386 1365
218765 218767
37636 6312
9536 48447
141814 6743
73180 58352
115824 4080
60211 33
11043 30020
14713 30341
178766 4080
239065 12729
70299 2694
160374 14700
137104 4080
140304 657
2963 7521
179354 2299
2295 38403
1585 15815
220019 220020
78110 3650
181093 46146
146285 667
24387 664
265 540
62214 22918
103319 6193
31591 52
245034 643
77413 30234
162687 162688
64706 2693
45 2317
27715 2104
1524 21271
5323 30978
89524 4136
46141 46142
15075 38261
17 3049
47401 4086
192323 568
3732 29535
1345 2099
192870 14996
30660 680
57936 10381
64636 64636
9663 39
33265 81774
144173 8
168998 5694
2655 665
12902 22498
2313 686
3733 782
203398 4080
124154 47
184321 1249
13578 5336
123084 721
5327 38875
3737 22122
5532 55
25654 9515
552 15945
7483 5670
2695 45242
63895 46698
275 9455
21950 2963
36866 17
2553 34821
74324 74326
2144 7902
168442 9
63579 6710
103932 3037
222166 1356
62772 1687
198741 2685
89 68
23313 40
149573 5328
2120 16227
125555 271
250973 1264
30175 566
235431 1699
5682 721
187672 272
39558 8791
4073 1339
104573 9072
86181 1373
210413 1344
99363 720
158194 6196
256733 2299
1601 1512
5731 1373
130950 3006
202169 611
5327 2666
49860 550
185268 185269
125833 1615
216293 2117
92990 662
37277 1364
3264 13950
36652 704
68790 49418
8792 9476
5670 7465
77807 5427
1035 1582
281 21241
2301 22726
82725 5335
72800 13854
97924 2291
242259 5694
91830 2685
157301 36
183817 1682
1585 9183
48 33912
66990 2288
1350 14401
10793 3652
1591 19975
31 15391
106964 102835
139908 66441
276 13273
12796 1407
671 24240
45989 45990
2289 16059
184616 5322
204625 2663
1035 1372
153544 153545
1503 611
160389 4458
7521 52
35724 684
1687 18524
4129 4080
2313 28911
184465 2127
34 680
176088 5335
688 32149
654 268
2304 4841
265 497
218141 218142
11396 51159
124438 124439
20468 5693
654 20317
629 10087
22233 561
15051 3899
2628 13273
168200 1405
664 25049
125079 715
21738 14939
2682 12003
6742 34599
23738 3897
7975 25
12248 1345
157358 157359
4695 267
221324 3244
197413 21721
184590 94579
87770 646
13128 7894
723 42654
23738 43860
692 33724
2678 20153
630 10108
19051 12435
1397 1504
190355 271
116727 5693
1345 765
5413 30382
29 11034
3244 32606
11744 3241
25099 1366
27493 672
101507 643
561 2727
179832 552
2307 6890
181789 2546
141044 7
680 638
79378 636
24338 49875
203379 10511
14906 268
256492 12425
228895 10509
23738 21015
721 2634
220933 2
81908 658
69537 33
11383 3241
49220 757
85581 5328
130442 1690
4520 4448
89359 598
3732 29661
69849 2116
656 21223
176777 3250
45385 2106
2293 28027
75582 31
170445 2962
25099 142756
6532 1356
111116 712
57848 57847
128213 9525
35456 698
856 1583
688 32110
13539 13543
186073 33
1848 11043
24147 2079
83407 667
2300 19132
183241 1348
80748 2697
52250 8791
181110 27550
560 549
1345 12353
175943 1513
46433 1370
7688 5429
3278 5325
632 10590
134654 4080
3242 26280
556 26550
18422 1339
1035 12902
146358 638
1844 1682
176427 265
212584 1502
249103 640
142367 25
1346 715
44552 5332
31847 1600
9645 31
105467 12901
2558 14842
32176 11983
251440 26
670 26895
50491 12918
58633 58634
190586 36
1348 712
227315 12917
12418 13293
267 1505
60656 60657
33143 10382
2109 59348
51858 13965
87081 1345
668 26414
79201 12777
42093 15719
239741 10383
2697 14122
11104 633
242740 82548
182919 30234
12373 1345
52 37520
10396 2177
40178 8795
629 8153
93777 3529
9556 629
3569 13950
264990 642
62415 25
182006 27550
119311 2117
33501 15633
2098 5970
112050 2550
12693 3047
2551 2980
5677 4310
650 19430
19622 3531
73626 1590
155978 1356
2665 18373
214356 1264
252311 227871
84450 2555
1595 760
157154 2663
2302 1504
149471 3541
163601 35
630 268
2299 5099
131938 4129
57305 652
232278 27550
218485 218488
47960 2700
2301 13221
88947 3652
200275 552
256111 2677
200068 16793
32902 47
1346 14508
10381 22883
204992 1687
180697 611
115953 5678
52040 1508
58453 10509
90509 4082
1622 1344
95049 2300
157835 266
21905 5322
56964 56976
210141 1343
3398 1620
2105 42338
1370 38928
228058 33
23738 43848
192815 619
36 18106
641 3652
15132 645
26351 6196
628 9331
111745 6821
63718 1408
5335 45868
240670 13215
34 17429
136479 1690
561 2663
34742 3653
79927 6317
42747 2139
45831 5335
178552 5693
1503 7351
56912 2118
117879 637
124493 124494
89301 89302
199664 3398
12108 659
45644 38756
225389 25710
224022 12901
85867 1690
9529 2662
60739 2548
186346 186348
18517 998
47541 12777
185705 18883
2968 31564
11 11983
688 32128
20951 3653
147889 2299
68466 5678
19891 652
2106 33971
914 266
25 7942
52746 12419
1543 1514
46642 2294
1370 38934
1366 36299
57971 15002
3655 14664
7332 214463
157077 638
61153 656
63653 2120
62848 1340
51867 5597
108738 562
24145 57265
261175 13854
84094 84093
3412 13
49579 35328
246560 3352
2299 5077
75590 75591
93176 6251
6153 2098
704 36680
273 20583
194783 42
239069 227871
58565 29
210536 618
808 21286
7891 42070
163727 17
140505 2098
5689 17936
13647 685
64356 1691
52146 699
223795 2654
721 42219
239702 5322
266 943
197024 12529
3063 47598
23 276
36714 704
2289 15995
52146 697
562 34947
41279 141
92353 25394
39436 13955
20426 12870
2387 13955
1359 33421
211255 3047
183742 3534
64021 676
13225 5694
5321 11078
1345 12040
4807 1344
665 562
173573 1342
190707 46461
217155 217156
166879 558
38772 45
214530 2661
803 266
24742 3037
629 9893
221062 4135
30262 678
91876 2663
185728 33
28169 2696
11042 18176
44247 3249
5845 2098
699 1512
57083 3529
250034 6384
122402 3405
236528 13121
175159 3822
97330 4130
13578 36
5677 6882
3966 2
63947 9390
204411 42
2719 738
17 3217
239443 16
21066 23174
10526 3652
8226 28088
10754 7349
185759 2547
7683 1348
6466 622
1385 1705
132539 28
657 1356
66721 16621
17630 35
2671 2104
37 722
671 27416
126025 3904
29838 9381
7397 11188
2684 12011
12342 875
64764 5672
12777 2302
136135 4080
123341 9568
3902 14235
37263 719
112487 49410
681 30853
110017 33
101855 2104
2068 2107
40836 998
164922 1346
159051 1348
140909 2104
49735 1354
27418 671
213697 1264
4483 2302
122570 686
6811 2661
2639 712
678 30250
208541 36
39325 40230
79102 27550
25588 2670
249055 1606
232780 48
12315 5755
214933 36
186697 667
15948 569
146548 624
2973 270
6880 2307
129016 25157
139534 646
2098 5746
2254 611
20414 2309
20761 681
203623 4080
24750 2547
40601 5415
998 100689
649 18909
138356 6195
646 6555
611 2177
171896 6711
36 7915
6759 285
9391 713
100426 630
98805 1365
1345 6430
26069 3242
19366 23613
20772 598
12827 2098
50075 3244
36653 704
2313 29048
34362 1363
129654 1614
1381 27346
154664 640
35862 8795
25584 2670
14187 190934
629 9734
37169 2133
41474 41474
3913 1339
2307 6944
35122 560
9590 629
710 38354
201145 611
114 70329
53194 650
58402 2556
60087 42
20473 2289
42935 8793
66157 5704
27623 9383
26151 3242
59595 560
52960 52963
15729 47
139568 38
31962 1600
721 12062
32167 5628
100658 998
24 136
29667 3732
41146 4129
138813 1506
27866 275
114302 12901
11861 5720
1595 12876
26496 61209
140643 140644
629 9575
3150 3047
2679 284
147427 36
166866 737
682 5330
635 11559
5947 5693
145 25
155349 2686
190293 156
903 1135
241424 7349
74573 585
257654 129818
10419 2116
144045 13128
61942 1536
46423 13409
48382 5430
208816 42
146128 3656
1345 11207
126583 1370
5690 9360
41676 33
58073 7349
30066 105
33966 6309
1609 41013
247401 2677
50881 8787
2556 40860
2114 6316
3250 19603
205629 1264
229627 641
998 100540
174090 564
84412 17423
35833 50
181451 4136
13578 2118
25068 1353
14106 1366
99434 6312
205040 8240
2675 32406
106779 102835
42989 5709
1587 3140
24 3781
17 3181
60400 2083
78644 8519
8904 105522
257008 630
246492 1264
89652 662
169527 4082
135441 3037
12327 60
55484 55485
1345 12288
98014 624
18130 36
97533 6718
213760 1264
19309 2962
6931 2308
86301 5428
226677 1264
254526 2152
49537 2152
123453 4080
40 23307
147490 2130
28747 10511
8630 23
51988 4080
2307 7060
670 26807
47974 2303
124141 774
85462 37586
60743 46
32 712
588 575
155229 4083
17003 271
172799 1357
2247 1352
235577 24409
698 28238
193580 8789
27148 45
115382 713
4276 3047
98532 42
3652 10779
14868 2294
206046 660
9016 12948
3732 29390
671 2836
4130 275
261959 12948
68597 52843
2117 11896
252236 33
2099 16578
89303 4080
113705 12426
704 15967
234718 613
178726 10383
169558 1589
85490 85494
180215 6711
33604 12904
134331 11364
72782 725
32834 47
18765 1595
5428 37387
256202 2648
8551 25
2557 41558
13500 2308
12771 3653
195769 611
63605 51369
3551 3551
53282 9
6480 646
675 2301
113457 42892
74043 585
166816 558
221466 51324
160496 9384
20097 653
2546 21110
93984 4080
688 14871
92461 12425
205 46
77347 12450
45565 53
45 27274
2106 43012
71524 1591
5335 45803
250583 25710
2114 2853
13050 873
11865 1346
106700 649
2962 19350
3241 24536
28880 570
1298 266
103854 1515
2152 49495
128081 5687
40958 40958
252248 3241
46792 716
221172 1367
190348 32
89054 666
612 674
2098 5876
163727 3047
246170 12933
4458 11729
3652 652
114701 1370
629 3667
37504 52
8445 23
278 33340
15536 32
60881 651
41789 1610
29620 1035
234355 4449
214237 4446
7673 5674
2455 613
2490 4529
23703 41
2547 24678
22744 10381
1356 1357
211276 1589
1515 24520
42034 26544
212941 670
232237 620
5746 2098
104760 566
114155 561
8244 21
3244 32533
3242 26283
2387 273
182861 2663
112046 18
199315 22
3641 2961
702 31276
46713 46720
145441 148
43310 2077
8831 1342
76040 44483
1349 47
73188 1
1586 18557
214005 2106
35350 17872
87823 713
2984 2296
215424 35
21430 1504
2308 2313
3732 29563
2313 28809
2697 1694
78503 78504
250123 9525
23445 597
236029 558
