2888 3114
2471 2567
2428 2564
3004 3078
1256 1717
3872 3888
29 118
3508 3747
1265 1609
630 653
2060 2242
1028 1761
1231 1647
1462 1716
136 2302
2468 2619
2460 2619
2929 3047
2661 3280
981 1257
1227 1292
1014 1495
1352 1669
1004 1796
2140 2172
353 446
2155 2557
2163 2344
2866 2986
1971 2212
1688 1721
421 558
1675 1753
9 200
211 304
1601 1895
1044 1857
3615 3664
1718 2328
2973 3152
1082 1104
2275 2602
3272 3328
1960 2523
713 722
2220 2410
458 469
2190 2559
2162 2405
1963 2290
2539 2574
25 322
1221 1229
1684 3036
599 615
2140 2507
1912 2428
404 511
1971 2201
3836 3918
1645 1694
2289 2372
2946 3033
1107 1845
2556 2655
3205 3278
1684 3268
1179 1374
2037 2410
2008 2152
1078 1584
2052 2537
2200 2218
2283 2463
2756 3029
1024 1652
2211 2367
1684 2909
1536 1876
1267 1835
2862 2927
1128 1844
2896 3284
1084 1173
1409 1622
1082 1550
2674 3169
2126 2570
2850 2864
2909 3399
2865 3236
1612 1849
1401 1603
1964 2317
2864 3108
3219 3395
1916 1952
2335 2474
992 1787
2973 3351
2664 2866
1921 2647
1214 1341
1048 1471
917 942
713 794
353 930
1684 2755
1858 1911
2806 3237
2136 2164
1331 1623
1126 1255
3680 3900
2751 2841
1912 2489
1112 1242
2068 2543
1925 2504
2083 2593
3116 3381
2694 2773
1563 1603
1684 2919
3488 3891
596 655
1185 1272
3791 3964
1746 1804
2284 2648
978 1757
630 636
2104 2309
2189 2289
2935 3274
1113 1210
3085 3108
1250 1730
1126 1539
1920 2438
3082 3116
1449 1663
1221 1727
2271 2469
1916 2087
2150 2308
1516 1736
942 1309
978 1819
2687 2748
3437 3571
1912 2044
2400 2616
2224 2649
2257 2553
630 672
2693 3069
1049 1724
394 488
3082 3391
1938 2121
2707 3133
2307 2308
2897 2916
0 172
1563 1621
2092 2262
1537 1856
3532 3777
1929 2549
2417 2447
1682 1884
896 1862
1955 2508
1277 1728
951 1325
2030 2154
1175 1861
1048 1753
10 67
1207 1652
2833 3060
930 1565
353 561
2839 3104
2244 2504
1390 1849
1683 1707
1912 2475
1962 1966
2293 2333
2559 2611
705 747
637 1113
925 1520
139 251
2927 2974
2179 2220
2747 3365
2043 2266
2164 2638
1056 1329
637 645
2511 2617
3437 3494
395 408
2161 2292
1132 1600
1637 1795
921 1048
2438 2511
1497 1885
1003 1741
1918 2115
1202 1268
2543 2594
1613 1734
2199 2368
3111 3150
1577 2135
2873 2988
1344 1799
2396 2511
2333 2529
404 560
2188 2542
3641 3933
942 1406
3288 3355
819 848
2799 2861
3858 3926
3525 3721
2098 2423
1997 2043
2991 3396
2074 2370
2380 2448
3786 3906
980 1484
1217 1658
2324 2485
2910 2944
1050 1779
1250 1288
2763 2777
2188 2546
3070 3386
2040 2611
1607 1896
1409 1663
1983 2611
1751 1820
142 303
107 1567
1938 1971
2121 2492
1044 1884
694 772
1964 2185
1912 2579
2072 2132
3517 3830
2033 2500
2361 2440
2746 2864
394 414
988 1221
1702 1817
703 764
2151 2247
504 506
391 497
2108 2546
2257 2326
967 1441
1772 1804
901 1895
1175 1255
402 475
2754 2782
2940 3426
2124 2308
2345 2394
107 1333
2407 2414
1060 1158
1336 1839
475 488
378 394
927 1791
2749 2956
422 546
2667 2856
966 1813
517 545
2258 2560
0 16
3074 3127
1269 1810
2183 2289
1191 1554
566 1358
202 329
1953 2408
2347 2409
2364 2583
2543 2546
723 830
2188 2489
1795 1891
1017 1563
1002 1105
1118 1648
1573 1691
2257 2363
2363 2553
2059 2353
3098 3108
2867 3363
2753 2965
2005 2278
373 506
1113 1763
1126 1153
983 1380
999 1092
225 227
1983 2546
3111 3189
2819 3035
2151 2468
366 436
944 1815
348 453
978 1520
2669 2911
2280 2511
1985 2331
2090 2131
990 3245
2697 3186
96 190
2716 3110
2266 2563
946 1782
1951 2061
2137 2491
2920 2943
3272 3422
3780 3877
3201 3297
1121 1259
1104 1611
3082 3397
1962 2370
1783 1812
1217 1492
2906 2909
1989 2122
2206 2460
1684 2828
2030 2040
941 1783
2057 2572
622 639
2669 2683
2309 2354
921 1535
1918 2331
2561 2604
2281 2301
1663 1793
2113 2450
1389 1843
2199 2643
2228 2316
1813 1867
960 1024
3643 3718
2778 3351
2103 2409
1408 1885
1970 2134
491 548
2739 2951
1959 1994
1327 1626
2711 2825
959 1153
370 525
2666 2698
1185 1467
1912 2062
1684 3198
242 346
2220 2556
746 782
760 784
1348 1507
2123 2654
2308 2309
2069 2073
2668 3154
3011 3398
3577 3873
2276 2553
378 488
2715 3365
1305 1312
1684 3380
2103 2560
1132 1530
1343 1525
3646 3810
784 794
1257 1284
1447 1598
2829 3077
579 598
3152 3353
374 414
389 419
1539 1861
2131 2547
1457 1712
1280 1813
2002 2512
755 783
1948 1954
2030 2206
3455 3815
1172 1809
1539 1603
3525 3851
2730 2871
3139 3392
1040 1879
1453 1807
2200 2323
199 314
2048 2292
1266 1905
1736 1810
4011 4031
1570 1795
2716 3434
2154 2492
1485 1827
67 213
2121 2266
2376 2539
991 1467
504 546
497 506
2032 2247
1917 2179
2354 2359
473 525
3054 3284
3668 3761
1983 2005
916 1287
2359 2564
1092 1609
2326 2418
2420 2511
211 285
56 325
2212 2611
1388 1813
3233 3346
3081 3308
2318 2325
689 789
2010 2471
2904 3206
3702 3938
2904 3089
3473 3595
388 415
694 831
2950 2976
2698 2915
2150 2526
1289 1598
1431 1826
2030 2433
1269 1782
2054 2608
2369 2504
3145 3274
1367 1524
2988 3135
925 1471
1107 1707
1059 1149
3198 3411
1123 1668
2833 3298
461 525
376 461
2698 2912
1242 1267
136 2647
2115 2206
1636 1716
1171 1297
3471 3485
422 636
2223 2608
990 2822
1478 1743
1953 2340
1730 1737
2253 2563
2682 3019
107 1344
2369 2489
2153 2328
2187 2458
2021 2233
2890 3052
1920 2508
1213 1739
3116 3397
3112 3280
1994 2567
1204 1229
1540 1683
2779 3233
2387 2427
1211 1287
2768 3302
957 1413
719 799
966 1289
1454 1704
2316 2577
1730 1819
2796 3111
1146 1761
1953 1979
136 2024
1338 1472
1918 2278
1191 1390
1059 1823
1017 1123
1398 1437
1003 1391
3056 3348
2354 2407
1551 1721
1619 1795
1589 1663
1282 1495
2111 2183
1388 1598
3924 3947
1971 2376
1332 1565
1684 3367
3552 3886
40 77
1920 2148
2730 3082
3027 3253
1026 1613
567 646
2849 3381
3440 3886
1440 1805
2992 3378
1559 1791
1101 1597
2420 2543
2259 2473
1013 1109
1918 2142
1673 1844
1291 1420
3111 3157
1104 1192
3448 3449
0 175
2871 2950
1211 1707
107 1571
2716 2780
400 566
1290 1750
1005 1213
2111 2502
2037 2542
1948 2295
2411 2523
1929 2428
982 1040
2996 3321
2743 2907
1662 1774
1515 1591
378 471
368 462
2293 2555
724 742
2640 2648
2829 3241
3072 3253
2499 2575
2032 2347
3058 3352
1522 1877
2127 2396
200 332
3087 3219
2032 2516
2033 2549
2773 2988
1613 1683
461 544
2694 3387
1726 3057
1006 1833
1376 1791
3584 3620
2164 2348
3351 3419
2662 3346
2063 2500
2043 2147
513 637
1917 2549
1661 1783
2935 2999
1563 1589
19 174
3442 3936
1067 1716
1389 1610
2507 2630
1912 1960
2778 3201
1714 1902
3326 3342
1214 1668
2216 2244
697 890
1684 3423
2190 2460
745 799
484 1574
906 1796
2189 2584
1214 1707
2095 2140
1060 1596
2827 3426
1684 2719
394 683
2222 2537
2165 2624
878 888
3558 3881
2125 2616
947 1832
2111 2249
2090 2363
0 178
2180 2547
2458 2598
2386 2575
2266 2477
1246 1875
2339 2430
3046 3345
1352 1399
2164 2561
1591 1706
2839 3339
944 1338
2977 3104
1070 1355
1946 2549
3496 3547
3574 3877
3239 3345
2676 2694
3067 3261
2782 3250
2091 2099
2308 2339
1075 1621
1999 2284
2200 2266
2250 2473
57 277
2672 3255
2271 2579
2003 2328
2928 3388
2212 2376
2098 2359
2088 2121
484 1179
2233 2430
408 556
7 65
2564 2591
444 523
1221 1862
1243 1323
2083 2655
2074 2184
370 412
1917 2579
1460 1480
2061 2225
2731 3036
1256 1388
1984 2591
930 1155
2246 2344
2206 2278
1185 1522
2347 2561
2223 2567
3464 3634
2831 2996
188 342
1927 2378
2233 2611
1128 1143
101 317
2464 2574
1420 1782
1049 1112
2906 3108
1912 2049
2109 2123
1431 1600
1515 1636
1261 1871
1195 1431
1684 3338
2074 2122
2046 2188
1467 1734
1339 1390
1117 1288
2250 2643
3285 3371
1102 1273
1179 1210
2171 2268
119 332
2742 3148
1940 2315
2240 2602
2414 2484
2136 2543
1569 1611
914 1807
1557 1861
2261 2271
185 200
2090 2408
999 1335
2316 2360
2486 2622
952 1750
348 484
2054 2372
2092 2492
2348 2655
2810 2928
1938 2220
3497 3576
1918 2154
3825 3843
2043 2591
2289 2318
2156 2173
1361 1796
1220 1537
2986 2988
2303 2526
353 1673
2191 2196
1014 1192
1993 2056
1416 1683
1250 1653
3033 3390
1083 1470
3568 3758
2059 2625
1080 1729
107 977
1126 1678
2956 2966
3201 3381
2086 2602
2645 2658
1979 2391
1358 1574
2715 3291
2043 2073
1323 1663
1912 2101
2081 2468
2951 3016
975 1862
2108 2201
1409 1864
483 596
107 1738
19 112
1528 1768
1938 2340
2103 2593
3790 3913
3542 3628
2030 2164
2560 2593
2220 2602
2718 3253
1360 1678
369 442
2073 2646
2850 2896
2064 2395
3047 3232
1850 1857
2338 2468
1998 2639
3142 3284
3677 3756
3035 3381
2169 2289
703 719
2316 2402
2235 2344
2040 2123
1286 1887
107 910
762 842
2571 2598
2172 2381
1985 2451
1548 1733
392 542
2224 2343
2348 2543
2134 2180
2573 2578
2339 2573
3297 3351
1006 1341
2849 3335
1983 2308
2142 2336
3529 3752
2074 2104
285 345
1941 2039
2958 3179
957 1628
930 1349
907 1677
419 544
4006 4027
1735 1886
348 505
3655 3960
409 479
2028 2509
2131 2631
1026 1182
3281 3367
2683 3026
2561 2573
1986 2564
2698 2910
2222 2432
2216 2539
1912 2559
2163 2395
1211 1702
1092 1714
3711 3826
1132 1730
1089 1667
2428 2586
3721 3858
2864 3234
1613 1868
1378 1548
1350 1635
80 194
921 1613
2131 2554
1917 2630
2475 2508
3101 3140
2408 2414
2331 2492
606 1897
2053 2081
959 1288
2038 2649
2803 3196
1928 2027
1155 1487
901 958
1146 1730
1912 2151
1160 1255
3639 3830
107 989
1416 1799
1684 2859
2107 2412
496 508
718 781
2223 2333
3167 3255
2093 2324
1246 1783
2199 2399
2919 2940
3664 3960
1193 1505
3090 3257
2810 3073
2020 2210
9 170
59 271
2428 2468
3534 3829
1148 1462
246 340
2139 2409
175 277
1597 1879
2295 2557
980 1793
1684 3150
1551 1662
1799 1839
2516 2544
3273 3295
3054 3153
1009 1862
2216 2504
2504 2615
1938 2154
719 745
1379 1682
942 1303
3000 3026
1130 1199
1098 1317
3013 3041
3223 3410
1256 1637
2098 2631
2135 2137
2711 3233
977 1831
747 856
1929 2220
2719 3150
2115 2433
2873 3387
3501 3674
1020 1273
1191 1804
2294 2336
2112 2278
1272 1753
1920 2509
698 885
1917 2112
475 1374
3054 3149
1559 1809
2007 2330
1549 1695
3070 3302
2683 2743
376 673
930 1645
927 1243
1172 1331
1938 2216
3611 3966
1964 2416
3347 3381
