2919 3004
2479 2501
2443 2635
3095 3303
1282 1661
3980 3984
65 82
3605 3860
1288 1879
604 645
2047 2259
1070 1904
1267 1608
1449 1589
107 1632
2473 2537
2465 2555
3009 3116
2664 3090
983 1399
1257 1583
1052 1259
1345 1611
1040 1823
2128 2372
271 291
2137 2293
2148 2247
2905 2919
1981 2451
1700 1827
428 1512
1608 1795
26 257
156 188
1538 1789
1076 1377
3697 3824
1717 1827
3038 3120
1117 1809
2284 2659
3483 3878
1971 2005
703 748
2210 2404
434 534
2188 2240
2148 2174
1972 2024
2509 2616
63 342
1255 1539
1684 2711
567 3723
2128 2384
1912 2321
414 588
1981 2132
3950 3979
1584 1717
2319 2592
3019 3210
1153 1488
2549 2602
3456 3824
1684 2991
1211 1721
2020 2271
1995 1999
1117 1230
2038 2047
2190 2549
2307 2601
2796 3434
1061 1174
2201 2210
1671 1763
1467 1765
1289 1612
2894 2973
1173 1280
2934 3295
1125 1449
1377 1603
1124 1754
2683 3104
2111 2293
2887 3362
2958 3079
2897 3056
1543 1677
1376 1800
1972 2171
2894 3403
3472 3629
1912 2501
2347 2374
1006 1741
3051 3434
2669 2913
1940 2149
1243 1290
1080 1446
916 1750
705 849
313 315
1642 3355
1800 1813
2841 3383
2123 2348
1327 1597
1166 1725
3758 3937
2793 2853
1912 2360
1153 1761
2052 2143
1941 2180
2069 2423
3437 3499
2699 3325
1510 1778
1683 1774
3586 3693
566 1237
1211 1730
3883 3898
1733 1892
2312 2384
978 1209
599 628
2086 2543
2184 2253
3017 3082
1158 1479
3293 3433
1280 1670
1170 1303
1927 2337
3280 3360
1418 1472
1256 1516
2282 2327
1914 2647
2131 2278
1465 2496
946 1826
978 1902
2697 3292
3546 3963
1820 1894
2410 2462
2233 2536
2267 2268
604 651
2698 3033
1083 1746
395 645
3291 3330
1953 2188
2723 2901
2324 2460
2937 3262
0 249
1513 1782
2074 2118
1469 1507
3640 3670
1945 2571
2429 2561
1619 1804
901 938
1966 2150
1293 1707
957 1170
2002 2537
1211 1214
1083 1302
45 322
1232 1798
2869 3170
938 1314
276 322
2871 3062
2244 2423
1367 1659
1620 1643
1912 2335
1971 2363
2323 2331
2551 2553
698 819
612 654
925 1799
107 1700
3001 3162
2159 2633
2765 3330
2032 2111
2150 2549
1085 1567
606 1052
2502 2544
3534 3829
407 458
2144 2592
1182 1782
1584 1608
917 984
2460 2559
1457 1839
1039 1359
1919 2645
1230 1361
2532 2615
1557 1795
2188 2611
3344 3434
1525 1703
2916 2943
1335 1447
2408 2561
2345 2617
417 456
2174 2283
3718 3900
947 1888
3505 3521
896 1261
2839 3417
3980 3982
3635 3830
2083 2446
1986 2408
3076 3397
2068 2247
2398 2491
3830 3968
982 1126
1249 1831
2337 2538
2966 3149
1083 1789
1272 1886
2805 2922
2180 2465
3245 3403
2029 2501
1539 1621
1382 1495
1985 2005
1736 1768
107 1714
107 1418
1946 2165
2098 2579
1079 1377
634 651
1972 2143
1912 2409
2054 2568
3615 3705
2010 2273
2374 2506
2763 2864
392 560
994 1492
1707 1809
688 740
2134 2398
507 566
388 412
2088 2464
2257 2477
970 1567
1761 1868
902 1192
1209 1804
412 492
2796 3378
3018 3154
2103 2140
2352 2410
107 1242
2410 2556
1100 1728
1330 1605
465 566
370 540
930 1446
2782 2985
431 492
2675 3150
969 1099
517 526
2271 2409
0 25
3265 3297
1291 1754
2165 2573
1219 1341
524 544
139 320
1964 2038
2352 2578
2381 2500
2521 2551
726 834
2172 2542
1789 1833
1060 1576
1033 1615
1160 1888
1522 1718
2257 2551
2377 2519
2046 2354
3331 3358
2910 2985
2795 3385
1993 2124
365 556
1158 1573
1163 1712
989 1067
1013 1574
170 200
1984 2552
3366 3415
2853 3335
2135 2283
353 475
952 1793
233 256
971 1503
2683 3010
2296 2322
1985 2118
2072 2153
1003 1683
2713 3321
107 987
2738 2953
2279 2555
953 1222
1962 2549
2126 2197
2991 3265
3487 3530
3826 3947
3452 3891
1163 1352
1153 1184
3291 3335
1971 2623
1768 1842
1246 1862
2950 3116
1985 2521
2199 2368
1643 1765
2002 2434
946 966
2046 2073
584 592
2683 2837
2328 2594
921 1612
1925 2549
2600 2646
2299 2630
1589 1864
2093 2216
1366 1504
2190 2423
2233 2554
1794 1850
967 1376
3722 3827
2832 2863
2084 2387
1376 1864
1978 2047
496 565
2750 3363
1966 2462
1324 1495
2728 3171
966 1341
360 544
2675 2730
1213 1855
1912 2115
1684 2971
181 275
2211 2254
773 781
792 815
1335 1551
2102 2279
2324 2520
2053 2153
2681 3387
3100 3182
3680 3958
2290 2520
374 412
2730 3221
1323 1842
1684 3186
2086 2154
1175 1467
1334 1630
3734 3824
896 1015
1283 1520
1416 1877
2866 2905
563 1745
3437 3894
367 481
378 487
1480 1662
2112 2526
1431 1551
1300 1357
1990 2173
781 824
1962 2290
2003 2075
3565 3756
1204 1824
1470 1605
3636 3867
2742 3240
3437 3655
1074 1329
1419 1594
2194 2608
119 318
2037 2624
1289 1437
1730 1811
4020 4031
1522 1600
2738 2960
2136 2428
1456 1793
82 268
2098 2462
2390 2617
1006 1341
513 559
500 580
2005 2526
1916 2555
2369 2576
463 531
3152 3204
3753 3921
1984 2446
913 1357
2372 2508
1130 1805
2339 2356
2430 2460
142 203
69 105
2206 2240
1364 1569
3480 3938
3272 3350
2336 2502
626 654
1997 2088
2946 2996
3764 3767
2943 3135
3578 3731
374 463
645 683
3025 3158
2722 3265
2131 2573
1316 1742
1409 1835
2005 2139
1290 1632
2040 2607
2387 2429
3437 3861
1352 1714
3076 3347
925 1769
1153 1470
1086 1164
3442 3470
1163 1622
2870 3009
445 473
368 416
2717 2754
1269 1513
107 1680
2093 2324
1577 2512
1202 1326
3577 3780
431 515
2225 2494
999 1059
1449 1735
1963 2109
1718 2436
2257 2414
2694 2908
107 1259
2381 2591
2135 2629
2169 2516
1997 2543
2933 3066
1928 1951
1242 1584
3437 3553
3437 3454
1986 2359
1230 1754
1480 1757
2835 2864
2407 2543
1235 1691
2806 3417
960 1816
720 809
967 1845
1420 1736
2332 2653
1722 1730
2835 3104
1189 1783
1962 2550
107 1621
1332 1882
1924 2401
1217 1575
1086 1436
1059 1516
1375 1623
1039 1040
3182 3258
2370 2556
1488 1663
1563 1769
1532 1888
1311 1630
2090 2212
1358 1631
3986 4026
1983 2103
1327 1718
1684 3153
3651 3674
67 325
1926 2241
2749 2960
3120 3291
1068 1436
543 545
2882 2968
3555 3758
1416 1827
3082 3320
1497 1566
1134 1709
2434 2518
2271 2482
1049 1376
1920 2458
1605 1617
1323 1509
3348 3384
1146 1584
3562 3919
9 203
2915 2994
1241 1502
107 1548
2738 2835
412 436
1322 1857
1043 1788
2090 2460
2020 2561
1962 2468
2419 2511
1945 2347
988 1583
3086 3346
2754 3257
1589 1622
1459 1647
373 434
353 1012
2323 2404
729 882
2661 3353
2867 2925
3252 3280
2489 2625
2007 2420
3193 3234
1465 2509
2112 2477
136 2445
3299 3434
2007 2508
2011 2472
2807 3025
1557 1584
461 492
2705 2896
1718 2155
1047 1689
1352 1736
3680 3969
2150 2532
3514 3707
2666 3226
2049 2314
2030 2233
514 527
1917 1946
1587 1636
3010 3033
1505 2725
62 98
3559 3934
1104 1884
1366 1492
2500 2638
1801 1844
2825 3075
1715 1899
3506 3786
1244 1428
2206 2334
677 680
1685 1813
2187 2292
737 815
479 542
907 1155
2184 2430
1246 1469
2078 2414
1104 1190
2865 3087
1641 1803
398 497
2213 2484
2154 2376
898 969
3655 3967
2108 2188
953 1849
2090 2410
2072 2463
21 25
2161 2434
2460 2624
2399 2509
2279 2417
1272 1833
2347 2629
3135 3363
1345 1475
2150 2546
1535 1898
2879 3314
952 1554
3058 3209
1107 1361
1962 2188
3599 3713
3674 3979
3480 3968
2693 3302
3196 3330
2835 2994
2074 2078
2328 2429
1116 1600
1989 2625
2194 2289
2257 2309
72 298
2683 3084
2283 2372
1992 2207
3005 3017
2202 2284
2083 2354
2071 2330
479 483
2240 2550
421 504
21 169
2606 2625
432 566
1256 1789
1271 1804
2069 2521
2064 2147
355 553
1918 2142
1436 1444
2049 2286
2750 2913
1280 1793
1985 2093
934 1603
2247 2368
2198 2294
1214 1707
2359 2546
2223 2608
3568 3593
2869 3101
118 342
1941 2264
2243 2344
1172 1580
107 1010
2468 2492
1398 1437
1083 1652
2957 3263
1912 1963
2088 2655
1400 1616
1460 1470
1284 1423
1229 1350
1684 3069
2062 2132
2037 2229
1449 1612
1333 1371
1160 1600
2257 2374
3495 3938
1142 1332
1211 1351
2157 2268
107 1607
2753 3120
1959 2555
2244 2363
2428 2485
2124 2244
1516 1707
913 1247
1491 1644
2276 2484
118 200
2072 2491
1014 1729
2329 2395
2485 2590
959 1285
239 322
2040 2561
2075 2390
2364 2657
2841 3431
1955 2239
3603 3838
1923 2511
3900 3947
2032 2176
2313 2422
2142 2336
1352 1644
1255 1416
3060 3403
2323 2607
353 400
2188 2586
1049 1390
1985 2631
1391 1736
1274 1615
3129 3257
1124 1909
3670 3880
2047 2247
1117 1609
107 1064
1171 1486
3033 3085
3455 3685
2071 2183
2662 2753
1984 2030
1351 1437
2729 3158
2030 2165
1324 1454
1912 2138
2069 2374
3029 3363
970 1847
2088 2278
1390 1456
475 1882
107 1560
53 317
1465 2643
1959 2042
2086 2395
3833 3869
3641 3907
2002 2588
2556 2586
2212 2590
2738 3364
1352 1484
353 1790
2058 2478
2890 3004
2051 2313
3146 3297
1795 1800
2347 2611
1989 2423
3437 3735
3758 3786
3132 3321
2154 2507
686 713
2332 2511
2244 2359
2024 2658
1315 1682
107 1018
861 889
2641 2642
2157 2447
1985 2215
1485 1774
392 542
2226 2642
2364 2447
2121 2150
2658 2660
2348 2578
3506 3569
1047 1352
2880 2910
1984 2506
2128 2400
3640 3642
2060 2340
223 239
1960 2411
3035 3307
963 1837
936 1740
908 1518
428 479
4020 4030
1730 1774
242 299
3741 3877
425 428
2001 2225
2117 2345
1064 1212
3495 3884
2696 2934
2589 2617
1985 2324
2715 2881
2213 2446
2207 2320
1912 2393
2149 2461
1237 1427
1132 1198
3764 3927
1184 1746
1128 1823
2451 2509
3776 3783
2897 2924
1563 1613
1354 1660
1341 1736
104 123
924 1275
2117 2198
1918 2206
2484 2551
3342 3419
2410 2574
2344 2598
580 1446
2038 2268
966 1584
2022 2657
2840 3002
1943 2109
1198 1589
901 1548
1186 1895
1912 2280
1199 1879
3705 3822
107 1080
1392 1716
1658 1807
2087 2498
500 519
708 856
2217 2448
3441 3546
2078 2121
1272 1622
2189 2582
2990 3191
3750 3968
1221 1628
3307 3341
2843 3264
1997 2526
24 242
82 118
2434 2582
3640 3790
1195 1843
188 304
2126 2540
107 1872
1538 1652
2323 2604
982 1522
1684 2775
1488 1619
1791 1813
2507 2551
3493 3719
3150 3223
1049 1375
2206 2500
2495 2600
1954 2594
720 790
1355 1876
946 991
3090 3142
1173 1554
1132 1376
3120 3267
3475 3852
1280 1835
2084 2216
2122 2123
2729 2786
971 1247
774 784
1943 2607
2739 3420
2096 2501
2918 3256
3604 3734
1060 1903
1219 1470
2323 2506
2092 2576
1292 1899
1938 2374
686 690
1916 2203
469 518
3146 3347
1502 1907
1993 2520
1487 1844
3226 3433
2694 2956
369 509
940 1906
927 1589
1204 1432
1954 2659
3692 3734
1973 2004
3510 3752
