24214 30035
53222 53423
27581 33214
21710 39178
27944 14019
62502 2062
2047 2085
61048 13882
26094 29699
10274 12688
39239 9610
21124 3613
16794 8076
28605 33753
220 4966
52002 34873
52929 27083
58044 58106
53939 7352
2499 21995
23487 3718
22112 23445
20795 31770
9639 5276
45997 46665
4983 2349
44114 33438
43578 24502
56551 52202
40633 26933
32936 11238
368 7215
27726 6930
1350 1353
1221 6935
1559 34884
12031 24051
61659 21866
20349 20098
28691 58449
6532 2361
33618 50283
60146 58168
15984 37810
13661 14411
42681 44224
3235 11397
43738 39976
43134 1775
40524 1076
53528 53945
2041 1747
29098 23111
33728 11189
13430 13439
45982 43684
21033 37686
10251 10254
37652 41024
60417 62493
29559 35281
49293 3143
50936 38785
26100 1310
52031 9022
42178 59186
34411 36207
27684 9237
41620 42908
39409 37788
18071 20466
42211 38268
48320 40427
48103 37926
36101 2389
15194 23651
44459 30648
34404 36062
32329 19695
14776 6582
55385 37392
26566 7345
57115 45037
10082 25340
21848 23575
7699 2608
14764 16392
14753 46172
56405 56966
57751 57926
57038 45622
34454 34923
25939 4820
38651 31636
55974 52720
59446 54941
36329 5626
51552 15631
1658 22478
58081 21368
54460 21611
29209 25177
24483 28604
8368 24212
16177 17906
14590 14596
2981 734
28474 3646
37457 37467
32379 23671
40725 46569
29652 22961
17512 22435
61928 54211
55592 15854
33196 26563
10958 26156
40124 23637
28092 17396
43408 15847
59542 45123
52915 51818
32538 34679
35724 23058
60443 17911
13323 2834
27666 6284
62287 19117
24976 34210
50226 50450
3585 2976
13761 13762
30188 39537
46631 2078
13888 39767
1732 13722
59136 59420
3362 5865
23703 11494
29542 39058
58691 59389
31414 8366
28789 23626
47828 17247
37721 38121
46780 8318
32469 33325
19604 2430
21567 21791
54383 53768
60427 1584
37353 1967
52346 31763
46521 46931
36743 8982
4924 5673
54641 51803
22857 24516
9703 9725
58816 56936
20720 20218
37156 23384
50455 30634
56673 4375
251 258
25985 18018
44563 44654
32638 7345
61264 53791
4605 39466
52598 52476
20410 35718
5327 15810
33048 36601
27497 16993
19529 12918
38766 22581
23213 7869
22352 18509
1601 1616
11511 28265
56686 56755
5277 19000
3376 6452
56541 54371
49113 41332
29200 15895
5347 834
22895 914
39263 3459
50519 26935
38473 27700
14302 2683
13772 1706
12953 18375
5067 5072
35234 34621
43592 44869
55413 2376
39644 10342
47138 39315
17060 8158
13109 14039
27588 11402
60325 53879
367 9900
46356 42566
25322 26875
30499 22574
17970 3938
52954 53217
30706 34149
20533 22761
36947 4486
27174 14099
53632 39115
34222 19365
46121 18984
59511 4993
33976 16550
55247 5870
20380 18955
48664 34894
51110 31789
4812 3329
44857 3459
61845 34545
6656 19710
60323 57579
10137 16071
56437 2954
62499 61359
61174 41716
31741 44910
40569 2737
58276 33824
35349 8914
52150 24932
50444 50913
21567 21792
7532 29044
43979 45267
6891 55787
24646 24651
17650 29446
55947 37095
46256 13381
57613 54328
39831 5740
1560 14817
21834 11608
29154 19176
34883 13171
5280 5281
4423 196
39160 20029
43480 23517
11096 4892
9014 4009
40443 32792
23724 7274
40440 38681
61034 30961
42393 40412
29243 52335
52174 23968
9701 9711
2129 4658
33305 36568
12593 7979
36816 23000
832 1303
2214 9664
43933 4481
49652 8567
16511 3460
35917 16658
17220 12146
14 27607
10153 5883
49730 54259
57827 42868
45605 20523
51205 52055
567 1157
52436 52181
24986 15193
30208 3714
5701 11544
8513 8540
15846 2904
55404 40834
1108 10935
54003 52932
18266 20875
12856 12719
48648 25896
208 217
59279 58968
6827 30584
19642 47884
16241 25161
4834 4831
6626 6642
37314 40332
52061 2452
52327 23354
22791 48556
8479 15198
45695 40010
26595 4721
13449 23533
15163 9355
13597 26345
31895 32473
47895 2868
50719 39272
38133 43319
59218 6893
56233 46277
38475 25797
37072 15963
8032 8048
26249 1707
17676 25543
16641 1041
22502 13486
7040 7083
38153 3612
59207 18717
56582 6612
40382 46594
2009 7718
12649 12641
4803 633
21672 9113
44007 54548
50054 50297
39823 28608
43645 27328
21265 21843
41453 54960
3269 3407
55268 2880
49985 5971
12651 13963
39480 5725
46556 13321
57996 56886
59467 26727
62118 5312
29140 59015
24782 1066
23347 26016
59014 16739
26520 33508
36453 37366
12910 28905
57824 251
26751 41448
48484 46583
24004 3800
36871 39661
3938 19039
42237 38159
4374 1704
53674 51098
19963 14303
18053 18054
36114 25268
53978 34255
44706 27513
32713 35610
37047 37915
27912 13254
47934 48312
45376 16124
36790 3
20772 20774
61845 59879
53140 3356
44779 40597
24431 10167
40391 12008
9135 12520
53719 55754
37100 40347
30629 19176
53116 28100
15821 20546
3333 1849
50578 47634
20264 27724
37524 9833
29525 8575
7193 1073
48758 17747
9752 15576
6168 6881
20380 8312
45605 15164
48349 45410
39442 43828
53434 42887
57939 56104
61525 18546
33618 50285
2156 8643
55145 4714
23954 17860
19190 36373
43840 45213
12765 3656
29965 29551
61845 61408
8088 12675
26571 18976
22373 10910
32748 48626
10535 5928
59565 26982
7023 8370
6534 9472
20516 18895
27473 46293
31912 31350
27497 30633
37092 659
15994 15999
34642 39901
42380 17291
52198 6871
26381 27598
29031 2771
61217 57219
54941 55655
58993 1211
12031 24049
22633 33558
18359 48532
6625 5470
42953 1120
14776 6097
2807 16964
60458 55953
31153 29335
42481 27885
47244 9117
52266 20089
45818 22455
40609 51717
49990 55086
18983 18709
6775 3825
37635 32742
36425 3118
51613 5357
46007 35411
28070 11683
61763 60405
36844 41095
1694 4573
51600 44208
27372 3780
9222 16772
14995 7909
61774 59471
43087 34613
47588 35757
54233 38026
60016 58536
27700 1604
32266 21877
39831 1942
22934 14055
46984 29986
20790 24618
17267 31880
53458 57953
59373 60016
17593 3371
20856 29064
53723 14144
31552 19247
433 2517
46539 34226
6625 6207
61592 61742
42509 36643
50595 42403
58993 3055
31389 35381
54060 58502
59673 59681
23490 24230
46544 48184
59699 41239
24411 25196
16637 11034
7819 25137
61586 26328
53856 47870
18527 4992
56211 52393
32288 34277
1311 3940
15193 21894
60680 51558
57151 57559
46694 18322
56161 14807
35089 31629
32726 40029
22882 6825
47154 49833
54123 7714
40397 46641
20682 30402
3008 2175
29562 11703
41215 10219
23816 4206
17349 5610
51829 52039
7193 7222
23401 17687
40367 13226
55735 52173
38577 5616
30597 34540
52463 31278
29646 35623
31136 10873
22140 21118
60737 58884
51314 41265
17676 23587
51287 3543
26010 3651
55177 55748
61866 33789
6210 21921
3262 4961
7935 2833
38123 14540
21594 13
59568 5542
11485 26921
30584 39981
28716 30300
8971 58815
52053 17403
57659 58030
14185 14189
37353 36904
24167 4747
43665 41295
54701 46821
254 1134
660 4885
59052 40602
45964 2734
61504 23211
34090 34547
32350 4266
37453 18686
58249 58817
40089 10774
38658 7868
32380 2091
7625 7631
48860 39671
24068 25854
24827 26256
41413 30675
52691 37275
21058 29394
19035 28194
23757 24407
14079 14089
3714 4739
24439 16783
42336 44212
59973 27746
52267 10411
29472 18976
19104 20168
47031 603
32288 4928
1294 18148
59463 55990
35284 29036
44758 26593
1751 3899
26320 7640
30789 21065
35730 23883
55636 56725
58129 40602
53964 55792
10020 5726
36114 20407
38622 44256
9107 10599
25471 4410
13190 13207
53534 52281
8935 14914
28378 29579
52390 53556
37637 1200
58860 36118
48538 55369
11518 11528
41813 42434
20185 764
37637 42662
25701 13469
55947 56183
33524 46298
54571 35130
7868 2938
59314 1147
33477 34572
16520 18262
8472 8477
44287 14814
60421 60452
29592 26544
37442 10797
39831 2633
29574 5529
27036 31701
5209 5119
1790 2236
19481 20970
62576 53765
60618 18465
59207 734
54371 33662
53179 40692
1838 1962
55960 30528
37141 39886
60238 35731
2966 3703
47801 48750
29744 25311
17436 1989
45336 2511
62182 38549
44618 43039
38009 10925
22633 33559
43074 46800
44068 11824
57120 18566
32611 29202
25340 41167
37225 3333
25782 49042
3976 2665
40502 12367
61506 468
21431 17049
50555 23151
43590 35024
9503 25799
58363 58612
23055 2366
26965 11492
33094 33106
49152 50081
59279 32018
51552 20577
58790 39039
2011 11560
46687 453
60000 4491
2129 22091
1891 17426
9644 29337
52180 46096
28978 273
6203 14360
61388 56295
51183 54805
9787 11451
59185 59197
54287 37137
41314 21242
30070 31025
51582 21533
39472 39012
23750 7384
49577 18198
41300 40808
29846 28305
3823 6882
2836 2484
6541 9465
11404 11408
44659 28711
31566 20539
26913 21687
35859 32220
57300 54838
39510 40263
34132 34228
55798 7554
489 503
19012 19022
8575 7681
24212 40723
35365 37313
1206 38335
55872 6819
25451 1716
38075 29677
54242 40012
26214 26726
23437 37470
29459 1864
9115 2117
18024 16155
29786 35948
48620 38123
28534 6225
55090 7214
8980 4385
5369 15281
45383 29776
13220 23670
25148 5988
2525 3243
7248 2559
33740 31735
8064 1080
16452 18692
16036 4795
19854 22528
34276 54134
28515 17374
47421 39712
46024 7356
20592 9009
36377 20593
43324 17966
60073 3682
1816 1847
49735 30330
60006 4965
58291 17058
53528 23475
42383 47627
125 11648
32799 6616
16519 3800
47836 16808
51713 48839
21151 21453
47802 30069
26732 17356
40337 35770
49296 46989
7195 7225
43414 38380
34007 12390
21502 34127
50447 50856
3226 1776
47353 9568
41212 20492
17995 20539
48663 52164
29553 33668
36348 31583
60927 55899
37975 10091
9480 3796
20306 23272
15962 15965
4534 567
34068 34071
3719 8883
58224 41229
50000 18414
23263 8765
6533 233
40706 33374
4991 4850
1632 3891
41272 8166
58772 5863
60091 29928
61556 36201
27204 10497
6298 10865
37097 23204
62044 58777
55850 54938
9147 26049
43408 26221
54041 39792
39022 41079
29964 23371
54868 9582
13774 14057
38977 14757
33420 34850
25892 25937
56025 25949
628 638
45136 12233
58973 59065
56818 38767
4982 7418
27215 27679
42276 35880
33544 233
2166 410
12345 1637
61509 11402
17914 23992
22666 5011
6362 1811
55055 55622
5801 4588
567 744
20918 2068
12636 14153
26726 7700
58728 30038
55557 44753
832 12783
13202 9371
15876 12050
61077 55345
58454 34278
47163 19059
41793 43756
46728 40427
49224 32265
22032 42968
35859 17413
29584 16050
40291 39233
52548 54202
47268 10333
29444 32175
1998 571
29390 456
47967 48885
45278 9755
45028 46364
46338 48433
48432 29261
18751 4926
41328 36067
54610 47979
38989 6419
5747 437
17533 22761
42091 24845
48811 30555
35240 31755
57422 56211
25384 44630
18555 4906
59226 30236
45753 33880
62538 18659
24575 19311
17219 22268
6885 10234
49588 18561
34536 33719
45138 37201
34381 3526
59730 60228
52094 12860
5859 46412
39544 34703
29592 8770
46885 8310
24855 33597
12636 834
4635 4647
11151 11165
26398 16287
61943 22013
42152 45250
55180 9628
251 259
50290 15694
5566 2981
911 19371
43848 18802
14825 28712
57937 30973
25015 32146
26494 19292
19138 19232
11751 2486
30479 1045
27994 17412
50866 16327
5261 19512
9761 9776
57947 18843
41620 42909
22780 4026
35342 32083
37361 32936
44259 38487
27581 53125
34228 31764
33686 22210
23167 16749
20043 5637
51714 49954
5091 28011
14905 16226
2292 4990
33592 9426
37661 49065
14832 29040
39240 39468
57456 33807
19486 24855
31738 2737
61838 29904
31072 14829
59425 8298
32379 32316
40233 31269
18212 19120
52084 53382
11146 44944
16162 7447
6777 12935
59287 8338
11334 12345
49305 50234
22577 11584
47170 46842
60963 55302
59636 45410
21697 11017
40923 3871
23576 23582
20817 2796
58480 42492
46919 43404
32596 3003
53419 32366
548 256
55625 11829
49168 12967
4226 7640
58321 1734
33776 18342
44359 15654
18181 29161
4669 12695
25357 27604
22516 6518
37095 4768
12321 5628
44619 1988
10131 10138
35343 39313
26181 12256
31767 45923
17120 25005
60978 60988
51953 5173
1991 49212
47850 37913
42114 36296
8507 8514
38444 3361
37465 12229
449 6518
57099 49539
58878 20512
55737 4355
30404 7100
56169 56043
59210 59250
53316 13307
49018 15205
29412 2710
51154 54700
40475 42739
34087 38941
61376 18504
11210 16827
60328 15044
62581 62151