57074 51534
52595 53003
52005 52705
58129 58588
14826 28748
62500 62506
2354 2403
61317 61364
26040 29009
13774 14062
42404 6694
21129 1918
24315 12907
20053 26102
4748 5146
11147 52996
13313 2861
57735 30843
50581 53946
20134 7386
17407 24452
17833 15210
4050 7639
14989 21192
40261 46575
7937 7942
45151 47212
46274 25544
55383 55414
34912 16147
35791 24134
113 11376
30045 34779
362 1317
6068 6959
30323 30718
3646 9634
58217 61921
16119 11072
57957 1147
12147 20649
46714 39780
60061 5203
36352 34974
5207 8046
47800 22988
12107 12112
47840 37928
45214 39739
39459 40095
46375 52937
2047 2090
8980 3925
30365 21952
13655 13663
33912 32553
23437 22146
4410 11015
39088 40148
51588 39529
18088 34586
50086 50607
57015 58064
24335 24419
39720 3888
60130 60091
34365 26162
24094 21355
24129 42591
39515 7092
23185 21262
39430 31304
43806 31596
49801 44736
55448 49443
2246 8661
45827 48604
26489 35210
31241 33197
19877 26768
32382 54044
15794 2633
21705 47258
21586 4486
29744 26796
22112 23447
49857 54288
45244 46009
56734 14549
56645 38746
56516 12750
31983 34209
31448 31452
39351 13222
56900 37300
60082 60190
27764 15509
50628 42509
10476 20582
56943 58275
1529 53989
34076 17908
26470 14647
7108 11571
9718 16763
5207 14833
8246 8214
31122 3501
29570 28397
56189 53176
19962 2731
27202 28371
15037 24695
20770 35150
28451 7532
32845 7351
24086 21076
42861 43595
28712 33535
34653 44144
59786 34985
53916 10704
28608 2243
22311 35562
61175 48749
13586 13606
11796 26125
62284 57560
30265 14
32948 50489
9009 16577
10114 13956
43624 2813
43886 44110
57656 38489
24528 24540
57747 16455
27139 22098
24746 24836
38336 38618
59490 58816
23093 27997
25774 27890
47894 50124
36535 17329
36816 46889
4344 21676
6793 1604
5356 20079
53786 11627
60828 60844
36063 18757
45278 52108
48616 2899
26341 45393
12994 710
53434 50790
8912 22559
9964 9972
59554 25610
38893 20270
51152 7225
50455 50911
57435 55030
401 440
30752 33878
14891 25061
24841 33213
61494 33028
38333 29703
52184 52322
33419 34842
14691 11615
39111 23785
17650 6127
18609 2356
11898 14632
20680 18895
7385 22411
1464 1482
3025 26983
56207 56521
16175 12017
3878 8061
56448 40406
47833 49529
31168 15145
33420 7867
37524 9833
36829 39727
49533 50658
52932 34277
14798 14808
14252 1147
11715 17288
5891 5898
57428 6888
35762 47814
55234 28068
30173 11713
42383 47630
18284 13173
8572 6461
49498 53270
27554 24184
8231 10086
42856 47352
23742 3922
27258 1682
16781 2422
45270 52787
31359 32691
18704 3891
18371 13205
24034 26830
42329 52855
32469 34268
46972 48393
58957 57692
26633 33995
56657 2493
13215 30728
51206 52062
37153 10048
11236 1964
45532 31224
61978 46447
18403 18417
46902 60600
16090 16092
55463 56152
62397 62449
61450 20946
43020 4741
38389 26572
58352 46641
40784 7112
51875 51966
62325 3805
20090 20100
22324 277
49963 51130
56703 54926
8529 22566
14537 5195
52057 55617
42875 40956
57992 38524
19016 42744
31981 6939
29745 8351
41155 26476
35091 25904
5898 5915
4638 4652
20372 38963
45207 42460
9183 22270
6787 14390
36971 40124
35686 31312
26726 22818
60870 58609
40562 26175
49662 51581
55117 24671
2873 5703
20196 20202
24074 35993
7559 14700
41939 47040
12978 12992
9761 1361
40289 14265
48364 14821
7214 19693
15151 28682
8088 6535
20149 25975
7412 1982
54915 55603
57372 57059
43776 45829
47889 46274
906 4402
51312 37702
22837 10278
21839 30286
3275 12375
8412 9391
5011 17520
54106 24634
5701 4347
5860 54107
15454 14687
10989 13292
10509 49929
100 104
59425 59460
4927 29351
32946 12322
21315 26514
13428 13435
6844 6848
37222 22959
26023 1157
50026 30880
52084 1370
5851 13515
160 26962
31777 29032
21672 20763
21012 21016
24570 24582
31598 7049
26341 1598
49503 51602
40253 23847
15988 38416
38302 57107
55395 52170
38368 5416
8961 8966
24568 3788
17318 22524
11683 3899
13135 20943
7092 7097
38865 4683
59421 6304
54426 52375
7166 47047
3438 8411
14526 17326
5731 7635
12665 4206
19616 25806
48678 33027
38975 41410
38425 44353
14566 13519
54150 40969
3669 3678
54553 44619
49152 50078
558 18524
38095 17833
46405 46530
22887 45431
60317 15512
62291 62314
59863 21971
2635 24632
22925 9022
59511 11756
38643 39845
35243 1469
19699 20442
53885 57678
40350 41472
30885 47808
30711 3435
11898 405
14913 18087
38130 1856
10893 4130
53009 17446
50732 5529
16781 4969
25839 20238
53471 14760
48725 35305
25986 34716
42807 45213
28376 18932
48294 48410
49040 49293
34836 36558
18637 19657
62047 41527
54146 43578
40843 21437
27465 31517
39088 7179
832 7336
54692 55229
17642 23515
5089 30185
54383 54709
19350 19353
2451 5351
26852 54086
26225 435
24973 37202
29646 35619
4604 3435
46063 2120
15415 15416
15633 15638
30287 27053
40137 45719
50457 14622
38149 39966
25671 54136
58556 9218
48925 200
49896 50169
2213 9655
54135 54890
25861 3683
35491 19223
43423 44971
15295 8575
29412 15671
62096 4375
4530 16050
5600 18366
29441 16503
56392 56456
11077 6446
19427 60130
8996 9007
7265 9753
32002 33246
42326 14240
31025 5359
28244 16147
41337 41306
9383 7985
36795 22709
35382 8658
61082 53622
20149 19638
32697 33238
38940 2350
54115 49868
59889 19469
16652 22071
27916 32259
18358 48527
3577 450
42719 43080
2958 7363
33408 36134
62092 57872
33892 33895
54111 55143
34151 47169
24432 32592
1748 3483
42577 32957
50527 51843
20243 10326
12522 791
12978 12866
40454 42254
33196 25052
50995 21884
7163 11761
59236 2633
50444 8677
35756 1978
16744 5619
46304 19115
13594 23982
50674 51145
46516 25035
6898 6934
2903 2927
44459 48620
25005 31348
59835 9721
58800 59488
50963 39119
14257 66
41253 41910
56757 49453
62204 53780
56960 10015
61100 40985
9700 9704
10876 14523
56891 32843
54503 54636
45803 10015
29512 20963
31750 28943
39272 42213
26789 15266
6833 6888
51296 30266
50270 13178
29931 1490
58315 58369
5324 17053
20156 11621
8407 110
27551 7000
24256 13557
55419 51240
2439 12164
7611 2894
54117 2815
28117 25156
5760 5771
44155 44153
26975 34460
17843 25891
61055 59763
3554 6646
46694 49100
14563 7043
29200 5067
9521 25808
30555 36093
49577 49711
53918 8982
4557 4561
42592 51760
32377 25962
47041 7205
41256 13093
57195 55263
36421 38642
25905 27066
59722 57882
59808 42174
36602 2490
23515 7055
10706 17446
52351 55858
51829 51907
24466 8181
6807 55639
18725 18733
14131 3485
18243 19664
30234 32275
51022 2350
35636 29501
55787 55904
15026 13697
35998 1871
2380 5078
25267 25450
12560 31806
16686 254
22770 22771
21655 18076
29579 818
13989 20517
57801 24086
50964 50123
32915 11494
34267 26422
31961 34049
20492 29529
38352 45394
28299 31336
59472 11291
11575 40526
22433 30225
19880 35741
61586 58850
2623 2632
13363 38552
54934 55188
55553 58708
284 22000
13042 13522
56464 56793
60979 41554
15728 7417
58156 58395
18196 33673
8004 24138
15257 21695
48998 4880
21597 15510
37231 38155
23263 8765
7357 29822
59625 34318
12122 24277
60855 11937
769 825
57090 11895
25905 8563
4764 4772
54358 40635
551 8032
24149 29726
21321 21327
43235 45445
37636 3292
38444 39159
52044 17821
37035 713
12666 3232
58143 58436
49148 10758
15205 34708
30896 20568
6647 9416
8428 8432
42448 2970
13032 15254
53553 46619
56437 55928
59425 59459
53031 17780
28562 7351
57801 13327
32147 15553
45913 46019
6450 2684
24132 59661
31977 42393
39491 42526
52513 55677
29005 4372
12175 1646
54223 40356
30554 5356
18062 1657
29931 19821
61805 61767
44613 47550
60689 44682
53562 53974
41274 43424
39831 25522
12948 13175
30743 7196
29749 34693
57750 50929
29043 29760
1949 1954
60901 59321
21590 12256
27826 16235
53200 53233
10635 18744
53719 42545
35634 6970
60604 60652
23240 27310
42465 8511
14513 14534
20572 35893
47840 17045
15391 15408
2315 12693
11975 8229
43695 11748
25609 21613
43345 40300
15734 22983
56392 20883
23081 34943
10062 10071
48660 558
46508 44667
4850 16108
61769 56766
45091 6179
14599 16147
44192 31462
25384 37230
836 845
47559 30238
52691 49570
36513 46969
48804 50029
1138 28504
50879 40584
56700 57877
625 30920
47166 47572
31888 4088
16498 27836
18403 18420
57779 16772
22255 23062
35883 39093
61252 19058
61850 9753
56289 60295
50513 35068
58755 59386
54893 6821
43265 38203
50458 42605
23058 23065
36319 41625
47504 5203
49158 43727
3143 2305
53816 11089
43029 50140
41074 41751
53922 41105
47674 42681
43518 44821
44073 44322
1056 7530
47634 46789
10048 11291
875 882
52799 16306
2881 1871
23557 28014
25365 4781
40733 28976
39569 28619
8868 8877
37192 30393
32178 4339
39308 43416
54573 39674
22761 769
40642 29403
12823 17626
45349 49587
40364 48560
24179 21473
32266 51481
48758 49027
61127 61173
56066 31
4206 354
36672 38766
37257 26012
6825 6238
806 3744
26950 17796
4574 31912
21091 18640
57603 21821
33102 37049
26937 44074
30118 26960
9064 32860
27614 28887
18230 21114
20410 35719
38411 15893
40926 39746
20562 1730
16996 30599
24568 7274
49113 41332
60523 31262
14932 15475
20442 26013
47291 47466
4892 4903
54059 44904
29543 39071
49222 46932
40163 44342
45286 46452
30752 33880
8060 16665
33527 2525
49346 21897
4880 6009
43597 44634
9643 10992
49760 2407
20933 53091
15189 1
7829 1021
34150 22439
41887 32143
51229 13705
56199 53809
33214 28408
60865 60298
33432 36187
60000 4491
39951 21474
48749 43782
45213 31419
30978 16717
14696 27707
57400 6907
50714 50832
7023 7040
47567 48275
17833 4073
26526 41477
27424 7985
14544 2169
26402 44654
23006 23629
61788 61800
39557 43391
22434 1728
2590 4134
16696 24900
57714 21020
59987 59183
43391 17163
53016 44079
38580 27233
30937 6102
52769 52160
37323 31090
19063 5988
30769 8046
42862 5365
57552 8027
19328 19785
44751 1505
29968 8140
12548 12553
4798 4463
1591 1592
33091 3405
29543 27785
43624 2389
62283 34281
61272 11397
10311 6319
50447 53500
38455 24149
54113 55145
30977 6345
8511 8528
39816 2338
55813 52838
26979 12994
58988 59138
34681 28144
50877 2126
890 40518
59848 60045
55635 62210
58614 3050
46268 3653
5459 3005
17696 51016
45380 49490
36589 13653
29512 752
3918 1545
15868 15878
53114 53779
41271 25991
36689 2483
31202 15965
8198 9857
13329 49154
44004 23174
44735 5413
53459 53647
49787 920
59315 60648
21326 16028
56428 49913
34550 1505
46024 36533
38940 61503
38914 15305
7721 7400
28190 4987
11959 57206
19275 19282
17738 17744
14333 9240
11316 11331
62540 62559
26828 5870
7884 7924
62109 47554
11316 11328
40212 12049
45964 44799
5357 20091
60217 33601
49132 37208
51800 53576
22789 20006
53936 30593
47701 45529
43795 42096
34232 4754
46488 47475
26547 14326
12031 24041
62298 43717
4352 25404
17217 23835
52208 52771
62288 26741
46175 11017
32068 8552
29652 24313
27972 30902
3595 3596
6128 1746
42425 39801
18371 14240
51911 26533
58993 59715
51475 46928
19963 51150
3862 13721
31751 40849
15579 15201
41982 4836
46299 56188
36117 19510
21254 20522
15101 16178
8913 8378
37456 2702
23867 25627
61956 35850
567 744
27253 31751
7026 11955
44456 15434
12912 12914
5207 14838
48758 45727
60074 24015
41173 21100
25874 28428
48294 24140
57644 57711
62144 14874
26637 26638
59415 3880
54957 7714
41254 18982
897 907
3246 3247
52604 21617
61561 3778
23514 12017
2369 4367
40725 46569
5918 1778
30704 3143
49535 46355
20128 20130
30365 34988
1744 33449
35474 32697
52636 53295
60187 6127
45821 59159
21486 21489
42465 5568
52665 1535
32332 16700
14947 9526
29700 31318
17536 7092
58473 57413
11449 8784
7320 24088
21709 58682
57698 57321
28161 28728
21697 19283
28686 45148
52917 54829
19982 12367
14457 15529
36619 38825
54115 25752
45119 30844
56980 53543
61151 61311
21672 9605
17512 26546
50478 50701
42807 45519
25206 11514
35847 38707
13031 3848
36069 37879
12456 12470
58843 59150
32974 33695
40470 39005
28372 18262
59182 7864
53940 54402
9173 9181
6485 15128
5011 17515
10808 10090
38009 39029
19274 26921
39084 37447
60697 3342
