89164 165543
49549 49564
48706 104751
98245 112596
4479 5497
189786 189787
66 6730
138952 138955
4531 55598
628 38465
23940 41113
2152 3559
4353 5350
5983 47285
218 13556
49450 49457
49178 138185
93846 93877
54863 98234
1742 55998
4327 6355
2048 29643
4975 11348
1940 7206
31192 60481
307 6778
32588 82477
33412 59078
87788 87808
15898 17286
9110 28714
458 29402
8311 21703
42 5827
249 22370
7086 23728
2169 5065
158922 158923
9326 32008
95977 109780
2270 7008
41946 107827
114088 137870
14879 24719
809 24278
38936 75496
459 30446
37329 116622
33350 33588
15068 99097
50955 50978
58 6404
4189 31068
8853 58000
607 2445
31195 61437
10426 88524
440 26710
15718 39343
187934 187936
7622 53137
42185 42392
94365 110354
2943 66067
51661 54397
109742 176216
8868 84884
3828 11223
22115 42605
20104 67203
2255 44045
23215 23564
38460 51858
42023 105398
71758 157442
2081 60122
38693 80462
8664 84494
6371 6374
4560 6653
87478 164477
3564 44161
89319 89325
2378 50161
5461 75769
2308 29950
56486 66136
30409 121571
87225 117188
89859 146906
87754 126061
7163 66765
5413 27158
15189 99406
87700 164724
111242 147733
10726 11123
43868 43895
1900 11781
96027 96047
55521 69755
12358 43804
4110 30831
2169 9919
1197 3439
813 2303
307 26655
8636 58727
10081 70912
77069 98176
30924 34794
4807 42925
3469 67478
173984 173986
69181 85700
10580 88703
3021 66330
24116 87385
12462 37949
25020 39755
104966 131487
57858 117134
6766 6945
8821 8827
135153 183707
597 1240
3858 9804
185403 185404
9737 9753
42105 135685
1641 54587
615 37696
27830 120243
37097 53306
93972 93973
3074 60085
103606 135162
4441 25020
3555 67721
11992 92330
103237 138505
5899 77081
4210 6646
41534 69378
10779 57800
31228 123595
6220 12266
1417 5733
1642 27200
56822 87536
124865 124871
10111 11732
47367 47369
39856 132757
41118 134340
636 6864
57549 119769
2186 4032
386 9649
103342 173205
13444 54202
58487 149683
42795 81668
89320 147494
15 111
6883 35103
26038 44011
6371 36955
143315 148495
12967 51375
47948 47951
8342 55625
1143 32482
14551 97788
4625 5585
1469 4845
20844 48312
3824 11103
2169 11309
44 5857
4052 28355
82190 115926
1333 22985
307 6953
83839 162605
40458 99728
5276 75169
8382 10675
10475 75716
14885 98710
42314 42378
51818 57549
799 2193
678 762
1270 4919
220 14442
92779 167453
36248 44632
68650 124053
22884 23880
34367 72853
2196 4566
636 38641
50827 94950
122931 130670
409 1971
33308 66317
3619 3824
7570 75329
1201 1465
49147 90751
6012 6958
1939 6979
11321 66276
3983 22474
51512 76950
7420 42701
37753 45041
104514 150368
6988 16092
87986 101927
4877 42653
47157 130550
43746 43747
440 27811
36701 67119
163911 190682
1425 50650
117267 148929
1047 2970
75246 97758
188010 195311
139902 185100
26619 90801
19005 107992
97344 97351
24847 30946
46807 86295
180883 182208
1673 55277
4172 48947
43344 80095
90072 130139
2186 7001
4370 37205
71937 141781
36838 52385
101772 136712
22432 84865
7127 45379
5582 29909
16970 24553
9808 12078
220 16902
175 10926
13089 89549
30323 35695
2169 6273
738 40032
15171 67714
10625 38460
24342 66789
139209 148564
21888 38382
46207 85550
68648 156030
380 25118
1802 57091
9110 29733
792 23331
31712 48120
515 3737
371 1768
28228 120679
41044 120253
1562 26199
9915 57059
1149 30709
3817 9753
433 25852
70052 72057
94267 102440
30381 49734
44326 49358
153 4081
47710 141308
2215 62303
4825 5498
495 8857
325 23842
1309 6766
68875 74139
458 29429
55728 103236
1557 6393
562 24668
41317 77398
3 708
102442 129560
4603 23596
36367 63242
3945 12120
590 597
220 21266
14428 96349
44336 137919
46667 85797
51029 95815
865 37121
36540 51222
10023 39576
2073 2391
1923 58523
3253 66938
6963 24686
41086 57124
46267 83151
23277 84290
103855 103864
87801 93520
69822 69951
20031 108403
307 89288
3087 66517
3463 7355
1792 23692
1900 58149
249 22373
16886 103262
104639 135378
79304 115338
31816 75232
307 37833
1453 7660
301 365
1629 11864
56256 56281
41952 135194
17372 104372
25479 55711
1860 5395
57950 76180
116 515
60893 94122
41401 41402
1457 4560
14041 38962
31059 34822
91473 148691
115676 161131
178751 178752
109394 109795
3287 3873
2634 17134
103523 135190
15019 99006
9942 18368
4166 7053
89695 107121
17573 49087
38589 95778
8651 32091
20735 53784
1411 30158
23277 32607
615 30115
55735 116285
43069 64275
1217 9623
11723 45801
53170 119692
42022 135524
7818 7843
29820 57803
5247 35568
38404 54716
39860 39925
10049 54835
1551 9778
165023 179060
73003 93395
26885 80244
5421 50254
15605 40158
505 2591
65059 118978
14702 98237
4805 29721
58822 67809
1547 48661
307 75597
55684 147976
3927 12024
10141 58418
8865 12063
257 451
39214 100985
916 6987
946 36668
4898 22847
30335 65166
42908 85843
24277 88271
55733 146472
99523 99530
148383 148384
41946 135121
341 17634
60659 90282
4771 13696
9092 10488
26926 40148
3589 4023
4858 10071
165204 179281
1025 1761
4507 23546
5893 37225
79655 99413
592 24600
108607 149185
307 126964
355 6541
6408 11905
30660 54642
5919 5979
4626 36303
19740 38785
942 43177
13972 18087
20931 38493
129628 152859
3795 13575
6379 6594
140156 160131
64946 154255
105775 105786
2152 60993
5905 10053
38483 85526
220 20401
23188 35122
4546 34764
9691 27859
196298 196300
6958 38455
61315 61326
32556 39529
5990 41623
97 264
30171 73147
46758 68202
1862 57805
527 4895
506 34425
21528 59721
10908 10954
45449 139001
486 7506
101049 117191
170402 173036
16730 93847
1186 41913
45758 139338
2405 56034
43588 137110
48527 51809
220 21573
78 7306
38705 38823
5227 6020
113131 133704
103119 103498
43342 104604
726 4914
20166 72720
89530 165865
174477 187673
89491 89492
135114 163825
345 5302
741 40045
94565 103008
58416 89289
31331 35138
4696 26654
5853 23331
21358 39224
4580 21290
23269 84401
46734 98101
107534 146452
5051 31285
97028 169535
1269 41205
2654 65162
2199 40539
109260 168507
3383 35778
83280 108302
473 914
307 132524
58057 150052
4354 5092
220 662
30079 58108
7529 11481
3775 29795
134886 183646
459 8921
39622 56415
1848 57641
5988 12379
14420 95789
9425 25602
41000 70467
56634 107759
172 10819
46686 140431
32400 41745
36375 70984
20344 42467
89307 138768
12085 92526
4109 5393
105608 170602
104918 109257
18330 95698
4040 23052
6424 24081
73563 75325
47153 59790
4052 46771
72082 141503
1484 40916
858 7148
1553 20344
5917 77160
43305 70100
9569 86042
74678 158806
3673 7715
14379 97439
211 1920
4825 11277
11675 91490
3942 8662
2210 2308
2070 4038
5288 7650
1939 2572
101216 143498
45596 87584
6594 8425
7524 9179
7003 7038
4675 32120
28590 119204
5209 12004
190455 190456
16571 41879
4818 8179
8988 34162
145710 147412
67 6924
11767 45408
64969 109504
100256 116531
2120 36404
592 5650
87003 148911
125626 181046
5860 7109
97922 170107
6702 59329
2466 6265
48565 50993
41348 82598
2009 39146
11504 91236
7849 8401
4733 29140
104635 135162
2621 65043
127198 168531
21 2434
87916 138863
4104 63564
188 4578
60810 80153
415 465
4696 51241
1948 29876
29362 30766
22126 25443
14038 14039
47875 126779
12934 66994
1762 21678
97984 149499
67311 67315
7800 20731
6142 6162
330 5603
307 39980
42486 61833
866 41828
54676 54689
80054 80064
102379 102383
50096 68848
21563 31650
101296 171029
6233 6627
30598 30719
220 20969
103645 173419
21808 54853
21909 38704
72175 89323
7224 81197
483 10295
57861 100616
9375 9388
1994 57521
5052 74504
153300 154066
33679 63275
120485 168602
55418 62977
23948 115824
22592 72789
527 35085
10923 87593
7741 29604
93949 100579
6752 55487
58 5562
127104 181399
2249 14382
5231 74982
50740 64719
10102 67913
72647 110065
9145 29673
118388 126962
4141 4886
38759 38796
742 8906
9096 45296
37276 65701
914 6338
505 882
1149 46123
37248 79334
4166 6910
26385 33770
2249 5172
79316 80305
8624 9767
403 452
39544 43042
34412 38759
1079 12066
146796 164155
30382 41268
1459 11868
28984 53733
25512 61411
21 4554
36363 47995
49162 52144
46811 78381
41353 82607
4370 26114
44073 80732
100733 103629
4938 32454
34045 126682
7039 11576
85274 114291
1434 2005
96487 168895
2255 3598
13933 13949
135244 148119
146892 177076
113255 149085
56524 105895
101435 101446
73885 129937
25610 41517
43011 133505
2255 29695
19186 54579
38469 54663
40664 49116
82 6258
56406 87084
41904 135089
19777 47197
92947 167518
38704 43102
26578 41570
25281 31216
505 876
40050 96110
440 28667
29 5167
53833 54040
459 29725
4317 8792
4370 13494
25072 25104
24838 67092
307 69388
10988 38025
5970 27051
23946 72423
65012 83219
4462 5602
17111 28211
1324 2794
40633 88480
38571 49967
3932 5845
44631 68677
39587 55240
131966 150297
81679 109551
220 20108
12591 22757
40135 133095
3559 9300
117 8873
49446 92063
5851 6949
2183 61337
89709 113945
10137 42724
28450 48269
5853 7715
6187 14419
4514 8662
3979 23191
8913 11006
24528 61787
23123 75423
5988 8280
4849 73669
3150 6137
40782 53723
117143 175048
2538 4989
3825 8393
35682 46075
207 12575
65137 66346
13866 38729
40427 43896
47887 55026
31052 48915
6921 79535
1174 1220
6664 79173
41352 82582
220 20074
25556 77567
1920 11214
43149 86567
49936 143292
1484 2255
307 3656
23263 60069
26114 58634
45369 111519
78141 160073
13751 21888
137145 137156
11645 33575
185644 194973
23065 23105
42108 42111
32723 68472
5051 30017
4177 4756
96879 132191
42721 97354
307 35573
37623 57048
2023 51843
18210 18345
5605 23112
4435 13107
100611 139307
2367 10631
146825 180562
23715 115426
2255 62890
141 3704
3557 6137
95343 168569
109616 151151
25142 117583
54802 102433
16687 38819
4989 9700
60647 151806
22580 31019
4776 23691
10354 88398
24897 27477
95034 168462
1594 4502
28037 64102
5603 24144
499 7787
207 8996
45 168
6354 6397
13751 38759
27017 119526
181892 194328
144698 186356
20930 111696
52026 57534
39246 94920
62450 76589
5039 74439
307 65906
24366 25596
87373 103963
23952 115862
100896 104570
10058 54772
43940 105230
19094 54041
106023 162497
173526 183849
100672 140549
34554 73705
742 40061
43182 66492
40363 40418
22271 54117
4695 4738
117 8962
989 3802
53842 113119
36211 60223
17523 82379
6450 44292
380 25111
39793 39805
45017 61057
30756 38427
54408 104946
44083 128699
117349 135699
1983 2152
86186 86189
16817 103104
31225 71501
140849 140852
24436 116476
292 1665
13914 96239
95465 168630
1523 52876
1324 39330
1169 9431
456 8828
193719 193724
9572 36121
307 6447
168696 169357
446 9671
20534 110951
30685 38667
2105 12090
117140 177762
56787 135287
52218 79479
17562 35351
58011 106047
39301 44623
38858 50698
10597 23659
33492 81669
4101 23945
2431 9028
178108 178109
3633 27842
2398 61570
48729 105118
178481 183547
87729 89655
7516 34549
5093 74637
4914 17688
112 8736
1251 47215
30672 47618
11294 90781
49903 59430
104102 141705
47870 141435
43643 137207
615 8929
23221 46006
1548 53154
22176 113687
76942 80748
12761 92868
3673 26831
1149 11243
3670 3905
10374 30026
3774 5346
163826 190647
152 10034
5830 49063
8659 29524
27946 69583
505 9806
854 2313
39558 53737
108953 175903
26134 78962
4370 24636
38176 38199
90639 90645
169993 169994
3979 11752
103855 103862
78548 90494
20306 57770
41 5690
83 7907
48595 142079
144475 186313
3673 12288
268 22680
31189 68006
220 17075
7086 8474
42704 56900
1722 39573
8861 84871
6588 69643
10049 54783
50839 51112
116739 178779
100980 105423
2009 29950
38821 50721
50534 50928
13567 13609
854 16447
5192 17529
1413 40255
98070 166683
3576 3684
2434 5876
99757 110395
111595 137572
4478 5829
26794 119278
30920 80903
59815 148781
1603 2425
916 12693
12803 58247
62975 153001
30104 54801
88939 89655
138741 139641
2073 29730
3967 8715
42660 68258
29807 80719
4608 42481
12191 44672
742 10988
10877 56434
497 13125
100966 101008
6737 69842
20058 41863
6569 9628
101450 135113
56765 87714
323 1015
1350 10535
1295 39350
3776 3841
13574 13662
153302 164412
15569 21069
119154 119160
