86751 106543
54385 54406
52948 145336
97686 139873
5131 10270
183300 183301
82 7086
134364 134368
5196 24216
599 23512
23500 80332
2181 38495
4855 9795
7081 17818
220 16129
53895 53954
53870 116301
89475 129263
58340 131997
1859 21313
4816 19769
2114 8979
6013 57040
2067 54486
30392 51707
307 82676
31117 69973
31596 68756
83727 162536
16464 85252
10939 25063
505 2922
9795 31205
18 1522
307 22354
9039 32332
2186 37283
148252 148253
10996 30550
94067 168020
2391 12674
42004 135443
113408 129482
15500 100105
740 36874
38589 50647
505 32593
36309 128599
31587 84752
16317 54660
54975 64019
43 5846
4756 10173
10077 87316
578 9664
30473 31578
12469 58283
459 30822
16413 86773
181736 194302
9302 10240
42276 135868
92912 92915
2943 3576
55455 147821
111804 111818
10142 10920
4110 38065
21938 113384
19475 108388
2378 14365
22964 22973
37276 74063
42196 42368
68547 69909
2169 7598
38404 38430
10066 39584
7489 7696
5207 35003
81900 91198
3584 44332
87500 148869
2405 6875
6794 13351
2393 51194
60627 61926
29156 40349
80057 108322
88203 123262
83025 106667
9097 30794
6736 50004
16343 58642
82431 162016
112108 177303
13089 39876
44972 138455
1960 58044
94108 94111
58487 58488
13789 48473
4603 52016
2196 52244
1201 1769
788 40627
307 90626
10039 39584
11817 53107
73336 74921
30160 118392
5830 36458
3576 9284
162771 162773
68024 103163
13001 31215
2949 66085
23676 41717
13842 13995
24366 34481
106728 111083
61203 152162
8363 54796
10069 39612
132142 163977
575 8139
4241 70768
178731 178732
11357 71227
42260 135852
1802 28917
599 7989
26134 42807
34974 64127
89931 117524
3071 39007
102764 172931
4975 35743
3577 30682
13676 32990
101493 172241
6928 26675
4802 37053
41926 70822
13095 49225
30693 60663
7444 57102
1500 2076
1821 4038
60813 88446
124518 124519
11902 52170
50361 143590
39218 56627
40690 49992
615 1376
60861 150843
2255 7261
459 3797
102123 172530
14036 47199
62792 116353
42980 60752
87693 89982
2 1326
8391 53761
25045 87668
7541 52538
137187 175882
14009 50763
51245 57488
9851 43616
1149 47107
15222 48824
5403 9698
1581 45977
20132 110136
4088 11680
2215 62405
21 96
4570 62920
77746 155059
1453 5285
307 85766
78349 124153
40122 61274
6613 57924
10002 39543
12597 12926
15952 81509
42340 135858
55517 147853
724 11933
615 36158
1330 49411
220 16753
89164 165543
33507 126035
67426 130210
22677 41432
32128 78858
2257 56833
615 12840
54819 56833
123471 150792
459 11685
31328 53799
3598 7792
9292 13691
1220 2415
53781 53999
7250 21678
2066 4531
13454 78212
4521 34503
55452 129569
9137 55086
36818 101848
104894 105778
8603 84365
85489 85497
5934 57088
49944 51827
44033 97592
469 31330
34651 36658
151734 188162
1500 52641
119153 179484
1149 45646
70930 139618
183051 183054
135975 144676
25572 118046
17650 55539
95933 95939
23940 34575
49688 51029
175292 175293
1840 11641
4719 70833
43895 92912
88789 160614
2255 29153
4956 38467
68603 84204
34771 49088
100763 168920
22447 32352
9096 61772
6846 6864
17104 58947
11659 91447
220 17009
220 2021
14009 92879
28211 63986
2196 36161
615 37817
16322 29117
13032 30546
23773 64232
135576 183859
21333 92851
47132 105726
66778 66780
459 1665
1901 2424
10949 87647
702 39707
30794 37640
527 30704
440 27160
26627 96264
40657 101687
1779 4860
11660 91461
1174 16540
4052 35033
459 30267
68502 155966
92639 167403
28587 29676
45845 139446
209 5773
50384 105342
2290 5981
5860 76949
505 34216
440 12333
1408 19057
67794 81929
505 12697
58728 92385
1772 56357
535 35809
40759 133885
1 1216
101317 172112
5275 10290
33809 43804
4369 9296
557 12152
294 333
15222 38177
46015 139678
47452 48248
55175 57945
930 42947
34480 81963
11767 11927
2120 20897
1993 35839
3366 5849
8489 84202
40664 108774
47393 56317
23426 115047
104810 164805
83984 105855
68036 97330
19105 94976
371 8192
3239 66916
3559 60054
1900 58175
1982 8667
307 23625
17077 103757
105534 164140
74924 74936
30809 115796
307 107547
1527 52951
307 45435
1800 4032
60171 61844
42186 42343
17216 104091
24866 36876
1930 4316
61326 152253
153 6137
64016 132248
41852 41856
1537 23118
15019 54002
30311 122684
88934 139995
114448 161446
171620 189835
109876 176316
3431 27483
2885 57016
102268 102269
16092 23920
11677 81918
4696 32012
87778 164798
17291 48717
38083 129913
10051 46073
19782 109436
1485 13662
23414 115021
597 1151
59052 150836
43107 105294
1242 4172
13523 13645
56457 148633
42189 42397
9702 86272
27615 52382
6598 31209
37107 129188
39379 131854
11785 91730
1742 32768
152432 173030
69653 156475
25929 47258
6757 38702
16385 20155
527 26451
65536 65538
15419 63826
5676 38438
62865 152932
1666 36574
363 24627
58641 66593
4254 7430
11950 22470
10137 88014
307 32185
38653 130934
962 15222
1108 6784
5950 22821
28381 92205
43053 92348
23751 115489
59022 99983
97991 170194
146960 172122
42009 101512
440 26869
63868 95583
5561 5974
10818 89215
25931 118399
3596 68122
5927 23959
154340 165557
1149 45334
5170 23079
6916 10975
75278 75306
572 7328
109122 109124
373 11396
440 27092
7583 24903
29665 36730
7043 9826
5409 6608
18037 38849
1107 6044
14673 98112
20378 110662
129498 181967
4019 23296
7571 11830
136636 184105
65135 65143
107810 147595
2186 3916
6931 6941
38051 52310
220 19621
22840 42590
5205 35206
11214 13796
187312 187313
8424 69843
64363 87420
31055 122747
7144 80863
140 6314
27951 50105
49379 49395
1939 58785
531 11134
527 28590
20560 44405
13353 95127
46350 100779
505 33835
99766 150599
162536 162537
16736 42721
1189 8039
46556 140290
2427 44398
43896 94038
51453 94173
307 12889
97 4923
38443 81557
6465 11904
113088 122317
101325 169775
43714 75843
615 37744
19656 47518
87756 98881
165022 171121
87716 140306
132103 139209
440 26876
625 834
92990 167538
62504 69519
30745 52710
5454 32009
6887 41913
20529 36918
5214 72806
23359 54434
49172 142754
108243 135117
6184 40017
95920 111110
1300 8363
2932 66044
2270 53305
109785 176070
3495 11772
77818 155203
505 32917
382 25141
61849 80379
4898 7007
220 16589
27628 29507
9264 85646
3946 34230
131500 131503
505 32304
38878 96577
1919 52846
7144 18089
15222 21540
11105 31615
40471 59166
60711 114608
217 8632
48757 111217
30965 84898
34051 50323
19693 52595
86924 163842
13682 14710
4595 72723
107364 135320
105912 130378
17487 21540
4561 7564
7592 39292
69960 98064
49769 54514
4578 11713
68848 105464
1611 54071
872 41861
1761 11503
7003 80311
43675 75055
11142 90419
70547 83816
3651 16297
15136 85358
220 15599
5864 52237
13509 13641
4287 30212
2290 2674
2114 36865
6653 10475
2023 46620
100034 162536
46393 88781
7932 7979
9256 31965
8605 8630
5416 11564
27022 119534
6427 13483
184142 194739
16588 33963
5860 5900
10632 24484
142303 185851
82 7452
13529 27968
65194 99761
98326 151847
2181 10631
563 36113
79845 79847
126092 181168
6906 21025
96042 96045
8326 11241
2539 64749
51839 57554
41281 130064
2081 4975
13476 13477
9754 76393
5509 56317
105395 165669
2835 65752
126671 126674
2 2372
84467 84469
4590 5848
220 14435
63952 153589
459 29955
5490 75877
2070 3916
27537 36557
21981 76736
14873 98665
51102 92824
13959 96362
1898 9624
96953 96956
65971 71165
9694 61180
7261 7455
440 26519
307 134206
42426 74539
931 42970
57983 93390
75856 75861
100767 170618
54631 86771
20919 104301
100715 171747
7480 7605
29180 73515
282 342
103642 173414
21177 38813
21730 23798
69140 69144
9137 28641
505 33491
61296 61831
11047 30892
2073 5801
6187 48894
147346 177081
31741 34053
122500 180280
58370 132336
23620 48034
22636 114169
534 22476
13367 95156
9569 86044
89916 103474
8344 68667
39 5485
126161 128246
2315 3702
6589 79016
54691 63228
11895 43029
69309 72219
10975 31270
121120 179959
4630 23114
38470 77158
625 38229
10903 34938
36232 36240
956 13261
525 34847
1183 4089
36044 128433
4640 6577
25348 67757
2291 30892
74931 101133
10030 16885
459 3952
38736 38757
32185 124451
1149 46356
142903 156382
28768 87554
1576 53487
27055 31248
24997 117118
3 1269
33800 98816
53792 53915
49761 113630
41464 53818
4941 74095
45430 51810
99100 107359
5977 47593
31897 124174
8644 75277
79473 147339
1504 5899
94994 167238
2315 11922
14383 97449
132602 148319
146901 186926
113407 134547
60669 60735
100740 171780
70027 91631
25041 117299
43083 53957
2339 36533
17978 55246
37704 61722
40298 133260
112 438
60478 66105
41949 104635
18840 97181
89208 89242
38422 46544
25407 29047
24615 51679
511 34555
39482 39486
469 31385
3 2459
56524 105879
505 32443
4812 140520
4898 56939
24534 116570
23911 68372
346 480
13380 39223
7043 11597
23619 37863
65301 65302
5077 6405
17143 17168
1431 22821
40142 41095
38059 70225
4271 23310
46158 139878
38878 38957
129552 129557
76698 154855
220 18119
13866 38750
39582 93093
3580 38512
158 10347
53871 133507
6883 59633
2240 55128
87809 91656
11904 32171
26731 93149
6885 39698
7385 63770
5193 25543
4513 11720
10440 77440
23882 81654
22704 29249
7110 35648
5883 77039
3363 23163
40397 59695
118615 160129
2767 4069
4102 64288
32582 124899
220 14912
65661 66322
14348 21685
39943 52011
51116 56233
30192 91652
8393 34496
1186 36707
7941 55082
41314 112662
220 17502
25008 94757
1983 11904
43340 136933
54631 55666
1605 53838
307 56343
23093 114627
25047 56725
46313 46865
73465 158293
14255 68034
133088 138002
13486 68464
179119 193786
22700 114219
42264 58552
31184 123524
6073 77639
4738 53246
95743 96018
42806 54875
307 94116
36616 39171
2096 23945
17484 90642
6872 33991
4968 7504
98566 111805
2398 56776
144879 186425
23473 28856
2378 29598
188 4730
3578 4046
93317 167665
110100 116033
24564 38500
58111 72932
16700 102658
6014 22222
63033 108260
22628 94479
5653 10280
12020 69173
24023 24032
93308 167661
1784 25436
26464 44370
6851 61801
511 30414
220 14563
34 5096
7485 9757
14330 33242
26043 118516
176077 176078
139512 147604
20271 56812
55517 147858
38702 44032
64416 99727
6025 44419
330 12019
23821 49931
81384 161247
23647 36524
99243 102046
11787 39900
45084 114331
17974 89960
107838 170723
162625 190415
98970 98981
32492 52264
628 22931
43565 44837
39878 53942
22297 88162
5441 8267
181 11373
1149 45319
57244 147677
33385 58028
17249 42088
7613 55921
451 1702
38946 96116
46296 85446
29904 122233
57606 64784
45552 92169
119862 119863
2070 25776
79574 160722
16816 83993
30660 56892
137017 184200
23875 115667
307 37383
14373 47121
93420 105511
1629 54387
1450 31019
1183 31305
497 31913
186313 195080
11205 33432
307 58799
158209 171945
475 8086
19768 38548
29853 122190
2169 29818
117169 135334
60774 141117
56193 148422
17285 52980
61333 87920
38705 39224
38546 51827
13030 56664
31693 124008
4585 25170
2446 14124
165037 170465
3620 6883
2427 6014
53591 53626
167798 189499
82510 162048
9233 24151
6248 22812
5962 77292
145 9928
1270 48687
29740 46063
13413 47309
54623 94721
104888 105778
50759 99200
43905 92906
590 1220
23072 114602
1720 54648
22115 26832
71337 79164
13945 96297
3754 13310
1174 4104
3640 4405
12219 12305
3937 4626
149006 162069
188 11732
6878 31398
10056 54880
26353 63684
527 26987
854 15329
38848 38866
109603 109625
25104 117537
4936 32803
37016 63261
88933 112375
160377 189931
4505 10758
104627 108236
74527 110787
19660 109235
3 2714
117 8953
52141 144663
138179 163099
3689 8805
307 35307
30381 49721
220 17165
8870 9831
42719 136268
1848 57626
10118 87834
7778 31452
11774 56644
54884 131583
116342 126519
99469 99473
2073 42813
38493 106185
54676 68072
14085 38704
854 41571
6400 23353
1495 30702
97674 164582
3596 4745
2476 8046
98010 170204
112230 177376
5107 7219
25849 73352
30032 122383
62920 122972
1791 54819
1023 43804
13957 48565
65060 115890
27923 87936
86455 86457
133607 136635
2169 7451
4491 32306
42473 104211
27591 30655
5275 68330
13751 38770
628 2518
13309 78941
506 8207
99437 142463
8326 58381
19344 39569
7698 46582
100742 100760
60765 127281
440 8136
1469 23665
1369 9747
3983 31984
14217 38977
147588 175889
16379 43874
122496 142507
