354498 354499
181850 477304
178209 701531
482949 599754
18820 80698
1066038 1115453
165 908
705286 1066048
18932 339127
2162 103950
75044 91005
4948 67932
17691 226746
21686 80147
367 22749
181510 477298
181084 705526
396762 803463
202646 812768
4083 89834
17686 71192
4896 118530
20456 21101
4748 196256
94925 107298
808 1050
95798 182377
98352 205966
325996 331521
58161 335631
32292 128911
1072 134949
29677 732792
106 12406
680 37092
27095 1102832
4956 165170
787675 1106741
32761 331455
435599 441349
6425 863773
137812 340716
665990 859719
52382 64316
2526 65972
114314 222819
1183 69444
106985 108501
97099 737526
56635 333464
192106 1142581
106 675953
17313 224806
30382 30385
1897 20135
95065 242962
37165 47544
1072 37519
57933 178487
1013912 1014109
27847 552134
145260 451936
410419 410422
7874 20259
195605 330732
663696 663698
30816 100337
11875 107239
68005 646881
63780 601145
6403 35397
71826 363383
108559 221867
142814 450708
266751 725902
4936 9370
110105 771554
30251 288968
22748 243529
19874 72516
320685 320686
9193 666125
355599 370689
6636 700039
20909 699438
6444 178681
210989 405601
92730 398332
313786 491986
373538 1097538
324189 372913
27359 61442
20830 695453
57525 334282
322008 686057
663931 1137036
37672 244933
159682 278210
4542 681541
435946 663931
204567 446724
42055 82405
15682 221196
5139 20754
3027 87170
2526 102033
808 18987
29918 287406
35661 746629
284257 535524
93931 252985
20235 77502
9041 11239
854083 895608
260472 754178
37208 37223
7926 701912
76604 193036
42303 313811
79537 110047
619849 663606
216912 816841
25344 60832
30346 268298
691242 768788
1869 100483
11875 480826
932666 939539
33788 89817
142889 450618
3968 114104
2122 20622
86431 108258
106144 106384
401877 715746
8172 68256
578467 578469
18569 18578
9078 10330
40344 196738
567482 879896
21473 114689
17405 663617
134932 445296
38048 773282
95133 682734
22049 118138
3425 689067
3972 81595
215175 666701
681398 731680
35757 61053
173921 273799
118853 788322
132539 209027
2186 30181
215661 337322
5220 6338
1042 39161
573866 851734
45392 308088
228904 820959
151913 452387
356784 957629
26 6454
25525 725526
82442 305846
23065 63441
717662 1091981
44058 316846
177385 211298
29764 286369
2703 8001
51788 92911
20013 21074
3579 138332
64764 109378
11854 208124
5203 168136
106 12761
13692 75974
305337 1150400
3402 138759
808 6675
306925 693722
124348 282498
20771 245893
29775 518539
37198 194441
54609 197038
145656 452182
196531 475348
2463 2526
2283 106109
3193 1034018
446 43967
394438 394442
104534 314098
254930 404689
71076 77371
101607 664405
5694 21237
2279 23583
189570 483039
681282 991914
1070 365517
96367 127653
9359 140838
27837 105703
3100 3825
180135 313392
21878 29580
4736 118530
38513 53814
13515 708627
193159 229889
27544 168828
107541 137262
599642 627262
26085 727318
338683 558008
20364 133627
173003 709679
159638 460691
1072 78804
104711 208671
798133 867839
3472 667661
670353 684348
2687 119527
283422 535159
1048147 1051014
711027 913551
85374 118681
62848 117189
465805 595176
79244 96705
170075 244278
887688 989061
3975 118502
17149 96240
155797 457522
374848 838187
5235 63828
18371 108562
266821 525980
105015 1032660
535248 612655
69876 485892
27158 1014274
20924 64029
60086 683710
35384 36052
480 32940
363 41362
44690 178155
92153 94060
4990 162970
2321 27804
57240 72651
37409 121755
78487 108613
707743 718156
66593 179604
168058 801393
254237 303714
1032 61574
4234 151030
32498 49365
2432 683482
95231 405213
1506 84822
963 28006
87921 364661
129826 440495
3849 145582
35661 299196
2760 94391
11840 100034
1072 6806
265299 526535
409760 579588
92263 476720
162803 462597
363 35017
174628 345904
5996 173630
20279 218211
1204 38180
903 26733
3221 3524
257098 667958
1119 36708
208234 382953
3841 6096
1710 24944
132590 656220
18 31968
548679 586398
19952 670510
104655 108624
11922 211555
1820 15612
559 37066
51617 300153
164774 264878
169273 214638
192968 341377
2601 128637
104696 111156
35661 741681
4919 21958
4719 46938
8706 43020
26085 450507
132188 132623
168251 801521
72717 365028
593163 623062
331618 761974
263882 296389
63548 77829
851 496748
8290 157352
8875 703382
4222 67997
4557 21138
688 644833
59676 85720
602184 884020
294427 1054572
95279 202514
814 57756
3481 135843
743 1790
3942 27989
209727 717118
141949 678151
60212 214551
80079 174594
4517 153989
223821 339566
311 21239
235327 822719
134109 247942
3483 134321
51192 327336
94027 105025
387055 851711
666666 833844
884563 987847
663551 824524
8746 128058
7669 701607
574830 621719
55677 332500
35661 739460
16628 208127
372637 716226
60943 342389
110105 402806
30050 236653
64071 1061625
3425 685423
72528 95524
1952 4399
209691 223581
154744 245679
3102 124550
39333 85351
196932 488324
142814 450705
29578 180957
91779 95641
20738 99712
107900 703651
122700 138512
35661 742654
3803 40112
798767 965496
276626 428576
85813 95756
20869 93470
57905 300544
1273 69905
244774 686461
52295 329279
20229 20421
229812 397707
3696 85596
826 673630
205899 436373
11880 209873
36844 663619
30810 62844
723 4407
115241 417886
2633 115283
2674 281007
20364 154277
92242 178415
154086 396054
77277 80281
208993 666666
485572 600376
760432 1000897
139061 216184
929 54481
231159 821516
20151 167963
32109 293753
85963 145222
9325 39863
20334 212137
810757 1062560
2687 106350
18820 231527
21274 33627
300542 541851
1847 20909
655861 668500
866 12620
957 52308
23350 1079072
93133 399160
21562 254402
20025 697450
62876 152052
2651 112676
50600 62352
65408 334862
683597 762691
11451 207798
23273 57861
713855 1092112
241505 516564
632784 887722
4951 166120
21473 687400
109989 898392
528 29052
71339 479407
19715 117937
33784 126710
1133271 1133272
26083 42337
236357 514549
95763 107312
21790 666763
242 1999
92128 349987
169601 466927
4542 107814
1593 1014316
1504 81654
66360 66363
38302 738124
167571 323352
1203 59837
521945 1109463
840162 899889
59618 122803
2818 666939
167800 215224
6937 181881
157667 323007
177655 350822
617 23499
173 226276
111352 152039
20722 62330
664629 1105740
557837 680662
155530 164465
2317 682427
63816 202252
362464 656497
876017 985324
361617 566076
690092 928108
940 664311
2421 1052356
414165 565905
228841 236670
95219 244102
20096 20800
21250 353587
65681 91434
19952 25091
72478 532674
169484 466832
649762 1110092
20573 125394
454728 994781
3169 24434
7864 154619
5699 21885
663548 895782
8840 18118
305559 339418
1186 72186
882 1268
226099 508291
17827 160849
407 22220
92010 212080
27815 729988
10844 87620
686300 806070
1119 74945
117215 678664
4309 42741
21783 256785
51478 177199
33624 71235
126819 325086
213326 356236
363 35559
169470 682734
95592 106978
104684 195389
64041 351159
355056 355057
41562 228822
15651 221395
627727 633609
616038 630998
62633 135392
13568 1153764
23864 266535
277612 277759
172420 278546
14068 669885
271873 530021
3676 137421
2575 59971
3803 140951
21550 246976
155476 697850
33773 82081
280516 533593
10285 56598
51429 95714
363 548531
20300 30210
39188 184231
11915 212490
5988 198859
4905 164143
20781 93480
4729 28975
522239 609295
167712 187476
24740 269584
27802 120940
26302 42590
20060 236095
89640 392558
20710 221471
1069276 1123996
58443 1089336
20257 237756
31570 143735
746483 1120568
168 24357
40261 311991
242617 666701
496736 515618
4936 160552
1846 62684
313482 663523
682469 1027386
21265 178658
468050 863841
24937 270393
7336 665015
177748 474141
133186 444175
4881 157967
38950 65024
29663 60423
20146 77470
600566 1113775
7622 655586
683259 798782
33 2769
333238 843302
15578 179193
363 86074
234748 310957
1070 665564
20122 21125
4782 159218
90907 184293
69808 307927
50652 326709
175983 234430
44013 316223
4148 136037
479478 534801
247663 247896
29544 669263
21892 79010
927 1070
822 881
151064 454408
2630 93931
200789 665910
302700 402314
542307 542308
187581 345163
66377 160729
527451 649607
22279 712017
92797 716824
547 19578
579993 579995
66395 756400
67981 133944
274566 722494
27374 178877
1191 57673
218177 257162
33130 128094
4835 81478
20593 668036
761748 762861
100748 104302
679351 711213
203905 667301
75568 178970
70413 320036
1665 90791
38338 191914
28812 732037
397854 718900
25050 176154
106 33675
683199 744776
6181 50347
20734 93765
188167 733086
35753 101897
274851 844073
32640 294097
674150 897877
16009 100949
111437 115165
2424 27837
32217 80247
106355 730762
2633 106520
1262 72876
2760 109671
106349 681562
16116 24415
84128 166649
6055 663931
298855 697499
29851 183753
1070 7769
116499 263108
103111 416588
2687 121214
752772 800799
92645 244469
3492 132259
89747 375770
80115 470199
78 5679
104541 157789
180785 465346
171350 178451
134033 699514
18172 229178
160790 377840
513127 557560
20430 243423
100925 314442
26674 104738
312034 524828
3478 501851
446563 589583
6211 175418
50393 115904
694374 705291
759663 759670
665933 1030143
211292 344034
527957 663548
280396 407868
82121 89584
154086 780763
6300 176293
62876 95627
108829 423920
126130 278452
197 6944
210005 656389
135392 164596
63454 63940
394804 710816
110965 682680
84299 732970
79814 94532
1240 5874
122782 428097
1072 84859
81 1014221
198859 489715
1125 62186
17405 670962
17907 22817
79690 167018
78650 367959
824 15517
38338 682226
21605 721644
75544 112472
243465 517440
18620 20146
60145 65637
3232 9292
124361 790303
110018 112902
11895 20558
165511 179563
117195 429211
686285 742714
303638 303733
519 652934
42370 96243
122838 164478
9178 52876
322 363
181426 477104
21171 133345
5204 92212
373058 660357
36802 668824
88589 725518
21208 69932
21970 28933
18877 148597
12859 20466
30988 290671
78640 118788
71268 670820
21768 720796
20317 20318
8690 16055
126300 126316
667548 1084127
7488 80432
11870 656162
104132 116078
363 199096
245294 350668
49977 325828
123951 434481
177069 1126579
93931 420384
25934 92936
2810 117066
24740 269793
133221 144421
519 18538
80255 84068
4697 106282
155266 457100
183845 271000
3597 67441
803 24838
71947 759465
82785 381204
166881 665990
286710 504339
48731 77296
700160 1077969
39091 152939
1008921 1013048
71212 347328
143863 194441
96139 212039
20567 244850
17306 33719
453045 591667
151476 151526
808 89468
107151 663931
4886 137202
61554 94572
21059 21160
18437 672081
502383 871686
6511 38462
756467 796059
74760 367667
6424 11824
363 24148
9162 29346
421250 684805
663609 896490
79720 146347
201913 812435
59614 336973
20539 239809
229903 273420
70060 77328
20158 698809
36954 663569
79244 376809
420444 420449
3852 149191
87338 1132097
20989 215086
1240 4902
363 98951
106 19865
22477 34902
49494 324958
86296 218224
889457 989524
725031 725902
65408 199342
196568 359177
115241 687116
236357 1086743
20560 187532
822 21646
78498 104136
319996 707488
76459 370125
516186 608056
35661 744248
160587 262053
62851 63594
640337 963947
848165 977834
508478 556533
104127 111717
2429 108798
155432 418050
123407 429156
69859 104322
20077 43545
341 538
2674 683874
199364 216285
104137 778072
60359 118813
24219 267605
1024 63240
118366 663931
166573 546116
93715 174452
200769 544296
160815 175773
670353 704029
4829 145656
312891 547027
59648 102602
95111 104304
715076 861459
78621 124877
727 30175
49979 146684
435510 664231
3696 25155
3371 129358
2766 117135
1072 118546
1075150 1075152
33773 139375
803 42811
811152 936515
1072 101268
64044 180770
93254 171134
4936 149989
667325 906673
215072 229365
196814 283367
60609 78582
225700 368313
115881 786852
114185 114283
37315 110600
100404 412047
15196 44615
7069 667359
877274 985678
9403 143598
6675 13966
178223 474522
884265 987760
322235 405555
27544 413821
20670 182422
20385 20899
289 1024512
3163 106649
93193 106805
38385 116449
183075 478354
596289 616054
175620 471720
158459 676645
1911 21200
71920 759517
3729 139077
69857 116763
283710 773851
43118 155827
10818 19814
2720 111290
9467 13984
37064 737565
10827 16008
794709 964488
363 27215
21078 96895
30184 35378
86440 133107
1412 197019
2526 691858
116795 682469
655991 656071
83925 142377
18035 712977
107583 701462
376483 414917
818697 970847
12076 76445
581930 1025852
288063 678689
63897 207575
104 759780
197 664881
177913 474547
719605 944759
10566 57127
723 18742
94163 108976
480 500734
27036 101901
151310 449107
4050 147542
30650 289373
24373 153701
35661 742183
191648 484757
667250 905767
519032 851327
4844 644436
112198 421253
188007 481726
45964 481002
2539 111229
20673 243043
3425 688439
482709 690964
9305 111292
7323 184797
490987 601910
663975 815044
18665 92012
85659 728615
93894 94027
229896 347012
3900 143290
2638 93858
43744 315642
237767 670356
92034 186649
353683 543174
701316 739958
4929 656667
11959 35332
151161 454419
91292 235310
19952 714997
41575 73078
2424 78277
38283 93837
1229 733799
516662 873556
25045 155750
63635 91572
24349 234069
533495 713022
213651 302945
890 15710
3425 133632
3208 8891
11128 71243
47435 685899
785580 813251
57890 683858
678519 694347
