483839 869174
228425 820632
217481 712010
650946 725827
20875 695268
1095899 1120464
302 863
823465 838831
20963 51083
2209 102960
94444 403430
7732 10796
20393 33624
29413 193045
528 1042
228059 240913
223034 819250
557241 1035954
264915 464877
5217 696093
20383 38295
6684 33626
24435 724050
6376 59869
109658 1108778
848 8840
112306 373487
114446 376840
482709 664444
78953 182366
59378 336685
1227 672521
45256 72765
188 21672
802 32661
37340 78952
7800 325244
934486 996948
60145 340247
595813 883163
9957 203055
175615 175641
711008 1066075
77542 372940
2605 111537
142798 450638
1272 19360
125384 177213
114313 170906
77635 107355
237443 515146
297 21359
20300 32917
49987 58250
1847 20257
109910 128889
63313 246494
1161 4304
78651 122112
1091715 1120077
42001 313503
178489 694834
574301 880621
12767 28113
242473 274329
702059 913278
51742 542855
18655 60607
92005 94110
86431 387371
9823 651231
93323 720525
132766 443242
177077 1025185
377320 663931
7304 411476
137359 293641
48599 324055
30952 290104
21070 180567
474981 597728
15347 84759
496990 603609
10480 50642
27309 695447
10008 21049
281957 534367
106025 106984
469945 596461
529125 611073
480346 599138
37706 306793
27172 97137
78526 374406
475090 716001
702833 936349
63851 248254
192757 281439
5996 1116801
598171 598202
271296 663683
71225 115436
20161 43681
8100 160870
3404 140438
2633 113410
859 50600
47677 749164
62630 62825
417507 581699
107396 158661
22015 63326
14082 217708
1034018 1076167
366646 567539
63476 349213
12927 18386
95316 111354
71466 185289
97384 124388
679776 798191
295012 836402
35221 663931
49106 655586
816556 970281
1846 93557
18939 232637
1062379 1062380
60648 341348
177397 310150
5085 21878
2173 664100
104136 684351
124176 434773
563427 879374
13383 13738
671009 913885
20781 95624
14811 663931
69932 166006
670343 911816
27837 685280
20337 20604
174607 470887
64126 435317
110105 1048766
30342 37345
4187 104468
5130 695350
293211 835942
756621 756622
62840 115241
210202 417146
154706 435317
167284 278814
2246 39003
294490 769717
8592 193147
1072 89878
670353 1090972
73403 260470
305516 838338
182593 271451
507812 872372
94 4906
35753 189381
101884 414918
30970 374109
868730 983401
73158 87648
214300 499904
45342 319177
3121 1028769
77324 1113171
21171 246406
4563 114412
89594 126527
18437 229938
8281 153083
271 28261
20064 50907
444294 588891
3949 144395
848 18678
453696 796904
158584 211892
27065 63828
45516 260654
63472 97503
77608 373057
178888 475274
242567 302611
2603 113776
2385 26765
3555 687941
676 33624
543275 1018960
122400 789556
364937 567037
93183 399101
115674 787264
8746 684631
2266 686746
235598 514090
753508 954362
1072 690718
112855 798299
17239 224596
41806 160207
3425 133689
219256 817585
30012 30332
6346 698706
67079 319877
20050 711254
241202 785230
38378 717016
128809 140050
678427 826134
37121 236876
482709 1044526
23298 263311
209852 656350
192597 485548
1183 69360
123733 434206
963566 1002401
4212 136860
730068 755362
3004 88464
410197 855188
1094691 1120568
852107 978883
103016 775760
85317 139522
617555 1057363
96953 303775
207779 814356
1045886 1051695
5139 695290
20205 268801
192229 710619
530178 611340
8706 10599
20587 177312
377519 756997
124108 789930
664411 698449
92963 96305
37469 306471
27488 664348
82017 147045
60650 155477
688 17054
492 10923
73223 760319
105286 677798
7866 11838
2423 2563
78475 94027
63623 349461
95685 406194
848181 977837
91959 112830
202051 491798
364560 670923
1072 84867
5675 171577
59595 338060
2549 107244
110276 784317
1581 665931
1072 53643
104527 777649
165802 464109
4965 81722
60956 126901
3177 39188
18387 229411
1160 6430
373859 670302
568758 568759
105478 753181
197462 606761
481 27864
211085 711072
9039 196955
22728 722048
1320 82134
929 53216
3734 136714
366228 848821
1229 68025
276351 531910
4962 100463
1791 665990
167882 403422
34 4381
666986 1050168
21138 111072
122862 164465
20012 239048
1820 182283
790 665855
77322 223539
197780 1015115
202684 492348
238924 515798
2687 107086
123249 789494
61398 754333
7045 119599
6270 61562
13601 216705
36600 302242
166329 283885
202280 408935
94210 675202
674634 829954
482709 866883
369981 386520
86297 387041
892 51182
13403 185140
14080 549990
5501 10867
6190 71106
803 82760
81861 90561
679045 1091017
430867 584739
110910 397432
867 30946
4410 164637
822 670019
5051 46140
278223 314221
175795 191446
82139 147628
100479 707095
5768 25856
297711 298140
363 24448
328167 412044
171031 1045998
4512 693419
75607 77644
107679 253129
534645 876020
714946 804700
1043307 1046280
697499 741613
13667 216337
11932 47559
670923 814658
77614 109798
61176 686606
20196 21283
517881 873619
84023 765561
137095 447068
47686 281229
88986 391894
3974 137152
94185 107002
2123 100277
277239 488630
185066 479774
3434 131045
69834 117508
251806 776189
176457 472771
44388 317828
104699 419517
27020 277879
131025 1045767
155432 685173
62394 308382
4741 122148
970390 1003870
386309 809360
104049 417422
27260 92021
78604 374443
1523 85294
354856 846858
77344 136420
21822 721882
306540 838438
4719 157062
890 57987
275834 363395
19271 233639
62928 71096
51600 327803
806 6016
142800 450628
2700 104150
2813 122407
23430 263672
105466 117089
182979 682471
95612 172128
276794 532094
651129 669613
917366 1028060
175716 432193
967 57528
318781 549517
21726 625999
54861 117620
104133 417609
17149 678747
23266 650922
984039 1006947
2845 122008
20913 112484
27837 112656
436006 500650
1846 71224
694451 1076327
906 1061369
1072 28045
31370 292141
106433 107572
28543 282987
21220 30348
85760 386386
2753 104105
75544 761675
90536 198782
773059 960109
18173 174818
31182 38955
861277 981486
335377 556690
682461 923602
7790 9451
27977 45478
134130 229993
745 664164
93302 238262
21005 718406
60577 70248
1156917 1156920
36581 736434
329033 336645
111481 157848
29659 29667
363 10403
104978 110047
207733 302379
5996 173556
1708 11212
1569 677472
90812 394873
64303 208242
200338 811956
1295 81308
663827 700042
998595 1035181
80277 164585
3307 129770
200577 455517
10701 205410
192250 450508
215430 500806
801 670500
317 802
137622 447603
26232 670131
705286 937112
667263 905778
191963 196346
2421 766072
87030 388410
513089 663560
1035826 1111845
511856 663838
798383 1074818
1072 22634
2517 9028
582029 623181
302742 510534
110204 155432
21351 173123
27835 663931
90669 768821
21088 1035631
94027 110271
206938 495750
684135 925893
25525 270978
613706 885412
3524 57702
11956 43936
8875 195800
696664 930864
13875 386383
450644 860951
1274 666210
913 47500
300601 664348
20413 38389
643 663715
104747 419292
41663 313256
17944 60492
796059 964820
1233 48232
151915 454795
5728 172769
29603 214211
77277 136418
60393 309345
162639 462469
284247 663931
492 3552
203824 845687
111311 111500
123134 662258
88674 390811
493867 602788
70655 147926
20138 30302
681709 833178
679406 919636
84908 115859
20053 96057
31555 373273
390533 710006
208989 684869
20070 140455
380902 571813
4719 131800
2687 4537
4898 695855
28180 62430
189261 231041
60473 155171
405991 578853
17405 675724
76558 284042
517 14218
22834 63897
69787 154645
20012 180025
8971 12289
6899 72327
27131 175698
6338 180695
663852 868486
200395 541095
33458 734823
38532 310172
37189 186686
21250 38098
104558 114922
26085 726498
1104102 1125260
79233 276178
22638 515984
53588 129456
898050 1106660
312 17505
69889 357801
340539 723600
655530 1113899
7690 186041
1842 91580
460808 593810
764189 958003
27837 109498
621703 621705
33624 295757
11462 12917
216056 501186
167905 681301
6498 178911
69465 325762
45019 89318
21600 116468
678519 918859
11810 210898
768955 1132362
106 14228
482709 868338
20127 22947
492 11148
327441 842285
1144 63459
21371 482709
6380 11880
104697 688596
92109 364104
75544 828223
213777 479342
73119 365608
5426 168540
625500 664232
362095 431210
44013 316005
30127 618796
929 57470
875 889
179251 805672
2687 119703
258117 523216
440886 588082
664789 851348
230506 443165
91338 95490
663931 695054
30707 289515
106355 116286
773 44330
672275 698845
91862 303826
91962 397242
380927 827703
38338 93303
1295 21459
297531 363789
60342 247142
6482 33633
25846 29003
919751 994938
115241 172555
753410 937159
268337 1126818
94817 241408
93170 154666
1710 90736
65714 353077
42077 313525
558338 558342
33895 735133
291 848
764734 1044255
9358 158609
26819 666242
233632 273671
62757 108467
383914 572901
59847 306521
736312 950495
20181 69859
138520 172695
2539 109307
55540 332332
125082 145993
2687 119993
1500 24917
3188 139155
124902 216248
20192 92364
102798 167274
9285 199500
434567 858505
45751 319659
1072 189363
147619 392815
116171 428851
3049 123977
899320 991588
105751 155476
4542 61560
104684 778383
100761 107736
106 26897
122824 432353
222613 506608
208817 372928
170434 802148
20580 106987
196711 488154
663579 787333
24276 723806
115674 686456
37291 128099
459954 593583
4260 80272
607315 622919
9378 82154
75184 368752
817047 970471
906473 1050611
705289 937960
284018 1052890
663931 1065131
396048 576520
101576 104435
184383 807168
9743 202121
85361 136930
133830 266614
161671 315124
341 811
280436 1019378
174832 414264
85781 93167
546925 615330
137393 447516
102937 217714
100281 411879
1451 86615
156169 798615
1183 69385
106 675895
252100 655861
1245 65453
20354 95805
20568 698803
99658 411326
96899 1038591
882 664068
66012 218270
29412 1144425
94512 225568
349507 561948
20786 202808
82101 147619
3810 133945
161650 1029146
137053 447051
20012 86954
198092 489216
148322 300204
793162 963891
441668 441669
711 642383
72486 249775
156855 458458
15334 220719
363 39450
226683 307595
27802 110189
8330 104727
526410 610452
62916 178187
104556 113509
27804 112648
30230 288354
20949 92218
20050 186485
52949 329966
96751 773177
93270 211026
29580 87919
22995 720179
13495 216213
162106 197834
726506 947424
11689 20560
18446 230402
118447 788237
511 12116
356838 622494
75019 85328
157688 195586
213834 1056084
107409 1117144
36554 301983
3278 186113
33542 114572
168263 198453
711 14497
101186 138371
6241 178956
185750 480245
229226 306104
4718 134021
826 21627
94027 108942
102442 1099067
198859 272727
419805 1151912
74653 89959
818688 970824
69658 357087
1076879 1082251
93220 399534
178055 432821
112738 1028734
24740 724486
20286 38325
613262 876406
182589 235773
863 50880
126086 376490
6534 68020
84543 251378
27544 271655
20751 29600
657504 657505
10341 663534
902062 1048694
94298 1089516
9842 17377
404 22661
15164 16256
582958 623433
700457 706638
100278 774387
264207 480843
79253 93402
24472 33616
313482 697953
93075 714815
21815 242960
63072 104489
97010 471967
582697 623380
5036 604402
104294 153688
27544 263748
1385 80349
492 28791
289 22558
30952 290036
75004 368629
104136 115674
1059382 1059450
885199 988037
89749 272715
247021 817336
143803 451081
333354 555954
24585 24921
881 220755
96137 253787
472554 597179
95005 125911
663579 1016429
62519 104329
196484 810769
85328 291825
682734 1057926
1019564 1019580
660386 716298
118298 429978
2549 40435
185913 480355
156870 192093
92528 357531
21314 94925
363 696770
2826 26215
255185 434641
118500 213970
82341 114448
31966 293330
1072 57268
153145 455523
198718 279338
107074 294953
255788 521850
196830 488262
732947 1098644
6405 113737
460540 815274
80941 379162
110105 783934
868535 1034018
96521 213694
808 44903
75100 368203
589410 882454
4719 155990
3860 146132
3220 130113
1227 39143
1141913 1141915
60520 157706
826 43120
985087 1007268
1191 678152
88679 101459
106983 357255
7329 79252
726225 902746
287709 341554
247256 519144
83378 765374
297711 745032
147149 452870
142624 717158
63532 186462
114556 211567
20117 60203
11044 207089
1037636 1148359
17259 225743
10636 205054
217728 597315
1041436 1059244
477453 598265
38490 104522
25911 274351
23869 723288
363 23787
3513 6899
106649 108275
66014 353531
228702 257114
676662 928566
213004 350034
192571 485486
1984 98426
93587 125620
4725 1014464
92268 663931
414076 414925
72513 364198
17686 69777
3173 125286
17271 711359
63295 63421
17822 97272
940495 997934
407 22394
27775 422326
47978 549990
104175 666772
1529 10513
2633 115348
147812 453111
694711 934584
102735 774621
20577 169979
129488 271202
530348 875422
990168 990169
20025 238395
672555 915005
425649 857149
88272 162079
124 1510
341 13040
216446 835043
874310 900925
17423 20001
808 23154
107978 703606
711 8030
37335 75303
181088 351998
5204 102967
50562 750255
32950 734766
62374 344593
235961 514426
715830 833455
663606 1122648
6495 7905
142104 142240
233188 512717
73918 366631
2636 63641
25998 713356
4083 149839
630389 634213
15559 19989
11332 14027
653262 892405
704422 1115063
20864 213846
103165 775678
107182 728870
307797 390581
5045 124792
2721 104097
72798 655490
333826 1017835
104810 223430
482709 1094143
819651 971146
7162 701137
20025 120960
181036 1100846
104698 107046
21138 117262
71167 203390
2539 170622
64241 66334
1385 80299
663606 667961
33742 679704
86431 109949
32639 663560
663931 1118397
286614 514306
924 59822
3951 4324
3598 137212
18029 678890
74468 1059660
922940 1152373
78583 139069
750608 752770
